2 0.9763513513513513 0.7427884615384616 0.006756756756756757 0.1971153846153846
3 0.05405405405405406 0.8629807692307693 0.02027027027027027 0.009615384615384616
3 0.07094594594594594 0.9110576923076923 0.030405405405405407 0.026442307692307692
1 0.9290540540540541 0.9326923076923077 0.10472972972972973 0.040865384615384616
1 0.0945945945945946 0.9350961538461539 0.10810810810810811 0.036057692307692304
2 0.38513513513513514 0.9495192307692307 0.27702702702702703 0.002403846153846154
1 0.956081081081081 0.021634615384615384 0.057432432432432436 0.04326923076923077
2 0.9763513513513513 0.09615384615384616 0.010135135135135136 0.0673076923076923
3 0.08108108108108109 0.2764423076923077 0.02702702702702703 0.007211538461538462
2 0.9763513513513513 0.28846153846153844 0.006756756756756757 0.055288461538461536
3 0.14864864864864866 0.3125 0.02702702702702703 0.014423076923076924
3 0.06756756756756757 0.33413461538461536 0.016891891891891893 0.009615384615384616
3 0.11824324324324324 0.3581730769230769 0.04391891891891892 0.03125
3 0.07432432432432433 0.37740384615384615 0.02702702702702703 0.01201923076923077
2 0.9763513513513513 0.3870192307692308 0.0033783783783783786 0.055288461538461536
0 0.5135135135135135 0.47836538461538464 0.9527027027027027 0.9495192307692307
2 0.9763513513513513 0.5048076923076923 0.010135135135135136 0.13942307692307693