2 0.9832214765100671 0.7139423076923077 0.013422818791946308 0.2668269230769231
3 0.7751677852348994 0.90625 0.030201342281879196 0.057692307692307696
1 0.9530201342281879 0.9134615384615384 0.07718120805369127 0.07451923076923077
1 0.09395973154362416 0.9254807692307693 0.08389261744966443 0.0625
3 0.3959731543624161 0.9326923076923077 0.053691275167785234 0.03365384615384615
2 0.6929530201342282 0.001201923076923077 0.34563758389261745 0.002403846153846154
2 0.2751677852348993 0.004807692307692308 0.28187919463087246 0.009615384615384616
1 0.9429530201342282 0.020432692307692308 0.06711409395973154 0.040865384615384616
1 0.06040268456375839 0.027644230769230768 0.06040268456375839 0.055288461538461536
2 0.9798657718120806 0.39903846153846156 0.016778523489932886 0.3485576923076923
0 0.5067114093959731 0.49278846153846156 0.9664429530201343 0.9855769230769231
2 0.050335570469798654 0.53125 0.016778523489932886 0.28125