2 0.04391891891891892 0.7427884615384616 0.006756756756756757 0.02403846153846154
2 0.9763513513513513 0.8125 0.006756756756756757 0.11298076923076923
1 0.08445945945945946 0.9302884615384616 0.08108108108108109 0.055288461538461536
1 0.9256756756756757 0.9399038461538461 0.09797297297297297 0.03365384615384615
2 0.19932432432432431 0.9495192307692307 0.06418918918918919 0.007211538461538462
2 0.6824324324324325 0.9519230769230769 0.060810810810810814 0.004807692307692308
1 0.0625 0.025240384615384616 0.057432432432432436 0.05048076923076923
1 0.9324324324324325 0.026442307692307692 0.08783783783783784 0.052884615384615384
2 0.037162162162162164 0.12740384615384615 0.006756756756756757 0.125
2 0.9695945945945946 0.2403846153846154 0.006756756756756757 0.10576923076923077
0 0.5084459459459459 0.48197115384615385 0.9628378378378378 0.9639423076923077