3 0.9228187919463087 0.5552884615384616 0.11409395973154363 0.07211538461538461
2 0.050335570469798654 0.6105769230769231 0.006711409395973154 0.03125
1 0.08389261744966443 0.9447115384615384 0.0738255033557047 0.05048076923076923
1 0.9563758389261745 0.9447115384615384 0.06711409395973154 0.04567307692307692
2 0.13087248322147652 0.9639423076923077 0.08389261744966443 0.004807692307692308
2 0.8657718120805369 0.01201923076923077 0.09060402684563758 0.004807692307692308
2 0.42953020134228187 0.01201923076923077 0.6510067114093959 0.007211538461538462
1 0.06375838926174497 0.03125 0.040268456375838924 0.038461538461538464
2 0.050335570469798654 0.20673076923076922 0.006711409395973154 0.08413461538461539
2 0.9765100671140939 0.2860576923076923 0.006711409395973154 0.02403846153846154
3 0.9395973154362416 0.28846153846153844 0.03691275167785235 0.01201923076923077
0 0.5134228187919463 0.49038461538461536 0.9496644295302014 0.9663461538461539