2 0.0472972972972973 0.6009615384615384 0.010135135135135136 0.05048076923076923
3 0.07432432432432433 0.6129807692307693 0.02364864864864865 0.028846153846153848
2 0.972972972972973 0.6490384615384616 0.0033783783783783786 0.01201923076923077
2 0.972972972972973 0.7379807692307693 0.006756756756756757 0.009615384615384616
2 0.04391891891891892 0.75 0.006756756756756757 0.21153846153846154
2 0.972972972972973 0.8605769230769231 0.006756756756756757 0.0985576923076923
3 0.4527027027027027 0.9134615384615384 0.016891891891891893 0.007211538461538462
1 0.9391891891891891 0.9350961538461539 0.0777027027027027 0.0625
3 0.2702702702702703 0.9423076923076923 0.02702702702702703 0.02403846153846154
1 0.09121621621621621 0.9495192307692307 0.08783783783783784 0.028846153846153848
3 0.49324324324324326 0.9543269230769231 0.010135135135135136 0.007211538461538462
2 0.3141891891891892 0.016826923076923076 0.40540540540540543 0.004807692307692308
2 0.7432432432432432 0.016826923076923076 0.32432432432432434 0.002403846153846154
1 0.08108108108108109 0.03125 0.09121621621621621 0.038461538461538464
1 0.9459459459459459 0.03365384615384615 0.06418918918918919 0.038461538461538464
2 0.04391891891891892 0.13221153846153846 0.0033783783783783786 0.05048076923076923
2 0.04391891891891892 0.2091346153846154 0.0033783783783783786 0.07932692307692307
2 0.04391891891891892 0.27884615384615385 0.006756756756756757 0.05048076923076923
2 0.04391891891891892 0.3581730769230769 0.0033783783783783786 0.09615384615384616
2 0.04391891891891892 0.4423076923076923 0.006756756756756757 0.04807692307692308
0 0.5067567567567568 0.4879807692307692 0.956081081081081 0.9639423076923077
2 0.04391891891891892 0.5120192307692307 0.006756756756756757 0.055288461538461536