3 0.06040268456375839 0.7043269230769231 0.026845637583892617 0.009615384615384616
3 0.06711409395973154 0.7451923076923077 0.026845637583892617 0.021634615384615384
3 0.8489932885906041 0.9326923076923077 0.013422818791946308 0.007211538461538462
3 0.3859060402684564 0.9447115384615384 0.010067114093959731 0.004807692307692308
1 0.07046979865771812 0.9447115384615384 0.053691275167785234 0.052884615384615384
1 0.959731543624161 0.9495192307692307 0.053691275167785234 0.03365384615384615
2 0.761744966442953 0.9615384615384616 0.02348993288590604 0.004807692307692308
2 0.45302013422818793 0.9639423076923077 0.016778523489932886 0.007211538461538462
2 0.18456375838926176 0.9663461538461539 0.053691275167785234 0.004807692307692308
1 0.053691275167785234 0.038461538461538464 0.03355704697986577 0.057692307692307696
2 0.040268456375838924 0.22115384615384615 0.003355704697986577 0.01201923076923077
0 0.5134228187919463 0.4879807692307692 0.9530201342281879 0.9735576923076923
3 0.9530201342281879 0.5264423076923077 0.0436241610738255 0.004807692307692308