2 0.05405405405405406 0.6177884615384616 0.006756756756756757 0.23317307692307693
2 0.9831081081081081 0.6826923076923077 0.006756756756756757 0.11298076923076923
1 0.956081081081081 0.9326923076923077 0.060810810810810814 0.04567307692307692
1 0.08445945945945946 0.9350961538461539 0.06756756756756757 0.038461538461538464
2 0.5168918918918919 0.9495192307692307 0.5135135135135135 0.004807692307692308
1 0.9594594594594594 0.016826923076923076 0.04391891891891892 0.03125
1 0.07432432432432433 0.021634615384615384 0.060810810810810814 0.038461538461538464
3 0.3547297297297297 0.026442307692307692 0.02364864864864865 0.01201923076923077
2 0.9797297297297297 0.25240384615384615 0.006756756756756757 0.09375
0 0.5168918918918919 0.4807692307692308 0.9493243243243243 0.9615384615384616
2 0.9797297297297297 0.53125 0.010135135135135136 0.026442307692307692