3 0.8885135135135135 0.6033653846153846 0.013513513513513514 0.016826923076923076
3 0.0777027027027027 0.8125 0.013513513513513514 0.01201923076923077
3 0.05067567567567568 0.8461538461538461 0.010135135135135136 0.009615384615384616
2 0.0472972972972973 0.875 0.006756756756756757 0.03125
1 0.06418918918918919 0.9375 0.04391891891891892 0.04326923076923077
1 0.9425675675675675 0.9447115384615384 0.05067567567567568 0.021634615384615384
3 0.5709459459459459 0.016826923076923076 0.02364864864864865 0.009615384615384616
3 0.6148648648648649 0.016826923076923076 0.033783783783783786 0.009615384615384616
3 0.16216216216216217 0.026442307692307692 0.013513513513513514 0.009615384615384616
1 0.9628378378378378 0.038461538461538464 0.033783783783783786 0.04807692307692308
2 0.04054054054054054 0.19471153846153846 0.0033783783783783786 0.009615384615384616
2 0.04391891891891892 0.30528846153846156 0.006756756756756757 0.12259615384615384
2 0.04391891891891892 0.42788461538461536 0.0033783783783783786 0.07211538461538461
0 0.5101351351351351 0.4855769230769231 0.9493243243243243 0.9567307692307693
3 0.9290540540540541 0.5240384615384616 0.033783783783783786 0.019230769230769232