3 0.07718120805369127 0.8197115384615384 0.016778523489932886 0.016826923076923076
1 0.9395973154362416 0.9447115384615384 0.09060402684563758 0.07932692307692307
1 0.08389261744966443 0.9519230769230769 0.09395973154362416 0.06490384615384616
3 0.5369127516778524 0.9591346153846154 0.174496644295302 0.03125
1 0.174496644295302 0.9735576923076923 0.18791946308724833 0.007211538461538462
2 0.37919463087248323 0.9759615384615384 0.09731543624161074 0.007211538461538462
2 0.5234899328859061 0.03125 0.8322147651006712 0.016826923076923076
3 0.761744966442953 0.04807692307692308 0.08389261744966443 0.02403846153846154
3 0.5503355704697986 0.04807692307692308 0.05704697986577181 0.03365384615384615
1 0.08053691275167785 0.055288461538461536 0.08389261744966443 0.0673076923076923
1 0.9395973154362416 0.057692307692307696 0.08389261744966443 0.0673076923076923
3 0.9463087248322147 0.1346153846153846 0.050335570469798654 0.06490384615384616
3 0.9395973154362416 0.28846153846153844 0.0436241610738255 0.007211538461538462
0 0.5100671140939598 0.5 0.959731543624161 0.9711538461538461
2 0.9765100671140939 0.5 0.013422818791946308 0.8942307692307693
3 0.9530201342281879 0.5192307692307693 0.03355704697986577 0.09615384615384616
2 0.04697986577181208 0.5216346153846154 0.016778523489932886 0.8557692307692307