3 0.6006711409395973 0.9038461538461539 0.010067114093959731 0.007211538461538462
3 0.7114093959731543 0.9206730769230769 0.013422818791946308 0.007211538461538462
3 0.45302013422818793 0.9447115384615384 0.006711409395973154 0.009615384615384616
2 0.05704697986577181 0.9471153846153846 0.07718120805369127 0.038461538461538464
1 0.9496644295302014 0.9495192307692307 0.07046979865771812 0.052884615384615384
3 0.8053691275167785 0.9495192307692307 0.016778523489932886 0.007211538461538462
3 0.2785234899328859 0.9543269230769231 0.1476510067114094 0.019230769230769232
3 0.8355704697986577 0.9639423076923077 0.013422818791946308 0.002403846153846154
3 0.5201342281879194 0.009615384615384616 0.8154362416107382 0.019230769230769232
1 0.06543624161073826 0.025240384615384616 0.1040268456375839 0.05048076923076923
1 0.9530201342281879 0.03365384615384615 0.07718120805369127 0.0673076923076923
3 0.08389261744966443 0.27163461538461536 0.016778523489932886 0.01201923076923077
3 0.9429530201342282 0.2860576923076923 0.05704697986577181 0.019230769230769232
3 0.07718120805369127 0.31971153846153844 0.030201342281879196 0.009615384615384616
3 0.07046979865771812 0.3485576923076923 0.06040268456375839 0.016826923076923076
0 0.5167785234899329 0.4879807692307692 0.9429530201342282 0.9663461538461539