2 0.037162162162162164 0.9134615384615384 0.006756756756756757 0.014423076923076924
1 0.9358108108108109 0.9375 0.07094594594594594 0.052884615384615384
2 0.08783783783783784 0.9567307692307693 0.037162162162162164 0.004807692307692308
3 0.32094594594594594 0.016826923076923076 0.006756756756756757 0.002403846153846154
1 0.0777027027027027 0.016826923076923076 0.06756756756756757 0.016826923076923076
3 0.4391891891891892 0.02403846153846154 0.010135135135135136 0.007211538461538462
3 0.40878378378378377 0.028846153846153848 0.010135135135135136 0.004807692307692308
1 0.9425675675675675 0.03125 0.057432432432432436 0.036057692307692304
3 0.581081081081081 0.04326923076923077 0.006756756756756757 0.004807692307692308
3 0.3581081081081081 0.04326923076923077 0.006756756756756757 0.007211538461538462
3 0.6993243243243243 0.057692307692307696 0.0033783783783783786 0.004807692307692308
3 0.9324324324324325 0.09375 0.006756756756756757 0.002403846153846154
2 0.9662162162162162 0.14182692307692307 0.006756756756756757 0.19471153846153846
0 0.5033783783783784 0.4879807692307692 0.9358108108108109 0.9543269230769231