2 0.9798657718120806 0.5865384615384616 0.006711409395973154 0.08653846153846154
2 0.053691275167785234 0.6418269230769231 0.006711409395973154 0.15144230769230768
2 0.9798657718120806 0.8485576923076923 0.006711409395973154 0.036057692307692304
1 0.9395973154362416 0.9326923076923077 0.087248322147651 0.0625
1 0.10738255033557047 0.9471153846153846 0.12416107382550336 0.03365384615384615
2 0.3422818791946309 0.9615384615384616 0.4865771812080537 0.004807692307692308
2 0.7818791946308725 0.9615384615384616 0.2214765100671141 0.004807692307692308
3 0.825503355704698 0.01201923076923077 0.016778523489932886 0.007211538461538462
3 0.7651006711409396 0.02403846153846154 0.016778523489932886 0.019230769230769232
1 0.08053691275167785 0.03125 0.07718120805369127 0.057692307692307696
1 0.9463087248322147 0.04567307692307692 0.08389261744966443 0.08173076923076923
2 0.04697986577181208 0.22596153846153846 0.006711409395973154 0.10817307692307693
2 0.9798657718120806 0.35336538461538464 0.006711409395973154 0.03125
2 0.9798657718120806 0.4495192307692308 0.006711409395973154 0.06009615384615385
2 0.04697986577181208 0.46634615384615385 0.003355704697986577 0.03365384615384615
0 0.5167785234899329 0.4855769230769231 0.9463087248322147 0.9663461538461539