3 0.07094594594594594 0.8894230769230769 0.013513513513513514 0.007211538461538462
1 0.06418918918918919 0.9495192307692307 0.02027027027027027 0.016826923076923076
2 0.15202702702702703 0.9615384615384616 0.11824324324324324 0.004807692307692308
2 0.9256756756756757 0.9615384615384616 0.04391891891891892 0.004807692307692308
3 0.19594594594594594 0.026442307692307692 0.02364864864864865 0.01201923076923077
2 0.9695945945945946 0.03125 0.016891891891891893 0.014423076923076924
1 0.0777027027027027 0.038461538461538464 0.06756756756756757 0.04567307692307692
3 0.44932432432432434 0.04326923076923077 0.0033783783783783786 0.019230769230769232
3 0.9391891891891891 0.28365384615384615 0.02027027027027027 0.004807692307692308
3 0.8952702702702703 0.3701923076923077 0.033783783783783786 0.03365384615384615
0 0.5152027027027027 0.49278846153846156 0.9493243243243243 0.9663461538461539