2 0.053691275167785234 0.8629807692307693 0.006711409395973154 0.13221153846153846
2 0.9832214765100671 0.8677884615384616 0.006711409395973154 0.0625
3 0.8120805369127517 0.8822115384615384 0.1912751677852349 0.04326923076923077
1 0.9463087248322147 0.9447115384615384 0.08053691275167785 0.055288461538461536
1 0.09395973154362416 0.9519230769230769 0.087248322147651 0.038461538461538464
2 0.6073825503355704 0.9663461538461539 0.4899328859060403 0.004807692307692308
2 0.1476510067114094 0.9663461538461539 0.11073825503355705 0.002403846153846154
2 0.40939597315436244 0.016826923076923076 0.5805369127516778 0.007211538461538462
1 0.9530201342281879 0.038461538461538464 0.06711409395973154 0.055288461538461536
1 0.06711409395973154 0.038461538461538464 0.050335570469798654 0.052884615384615384
2 0.050335570469798654 0.4519230769230769 0.013422818791946308 0.6778846153846154
2 0.9798657718120806 0.4543269230769231 0.010067114093959731 0.5360576923076923
0 0.5134228187919463 0.49278846153846156 0.9530201342281879 0.96875
3 0.10067114093959731 0.49759615384615385 0.026845637583892617 0.014423076923076924