3 0.08389261744966443 0.6875 0.020134228187919462 0.021634615384615384
3 0.9463087248322147 0.7548076923076923 0.020134228187919462 0.019230769230769232
3 0.9328859060402684 0.8725961538461539 0.053691275167785234 0.019230769230769232
3 0.3859060402684564 0.9326923076923077 0.03691275167785235 0.016826923076923076
1 0.06711409395973154 0.9519230769230769 0.050335570469798654 0.040865384615384616
1 0.9463087248322147 0.9591346153846154 0.040268456375838924 0.016826923076923076
3 0.8087248322147651 0.019230769230769232 0.02348993288590604 0.01201923076923077
1 0.9664429530201343 0.03125 0.030201342281879196 0.026442307692307692
3 0.07046979865771812 0.09134615384615384 0.03355704697986577 0.03365384615384615
3 0.06711409395973154 0.18028846153846154 0.016778523489932886 0.019230769230769232
3 0.959731543624161 0.4495192307692308 0.02348993288590604 0.009615384615384616
2 0.9798657718120806 0.47596153846153844 0.006711409395973154 0.06971153846153846
0 0.5134228187919463 0.49038461538461536 0.9563758389261745 0.9711538461538461
3 0.9328859060402684 0.5072115384615384 0.020134228187919462 0.021634615384615384