2 0.9797297297297297 0.6225961538461539 0.006756756756756757 0.03125
3 0.08445945945945946 0.7620192307692307 0.013513513513513514 0.009615384615384616
2 0.05405405405405406 0.8076923076923077 0.006756756756756757 0.11538461538461539
1 0.0777027027027027 0.9326923076923077 0.05405405405405406 0.055288461538461536
1 0.9459459459459459 0.9399038461538461 0.0777027027027027 0.036057692307692304
2 0.668918918918919 0.9543269230769231 0.4594594594594595 0.007211538461538462
2 0.4831081081081081 0.01201923076923077 0.46621621621621623 0.004807692307692308
3 0.17229729729729729 0.019230769230769232 0.06756756756756757 0.016826923076923076
1 0.956081081081081 0.026442307692307692 0.05067567567567568 0.038461538461538464
3 0.6047297297297297 0.028846153846153848 0.016891891891891893 0.007211538461538462
1 0.057432432432432436 0.03365384615384615 0.02702702702702703 0.04326923076923077
3 0.8885135135135135 0.038461538461538464 0.030405405405405407 0.016826923076923076
3 0.8547297297297297 0.04326923076923077 0.016891891891891893 0.004807692307692308
3 0.11148648648648649 0.20432692307692307 0.02027027027027027 0.01201923076923077
2 0.9763513513513513 0.28846153846153844 0.006756756756756757 0.06490384615384616
0 0.5135135135135135 0.4807692307692308 0.9527027027027027 0.9519230769230769