3 0.9155405405405406 0.5600961538461539 0.02702702702702703 0.007211538461538462
2 0.04391891891891892 0.7716346153846154 0.006756756756756757 0.040865384615384616
3 0.9527027027027027 0.8100961538461539 0.02027027027027027 0.014423076923076924
1 0.08445945945945946 0.9399038461538461 0.0777027027027027 0.040865384615384616
3 0.5574324324324325 0.9447115384615384 0.013513513513513514 0.01201923076923077
1 0.9391891891891891 0.9471153846153846 0.06418918918918919 0.028846153846153848
2 0.3277027027027027 0.01201923076923077 0.14864864864864866 0.002403846153846154
1 0.9358108108108109 0.026442307692307692 0.08445945945945946 0.038461538461538464
1 0.057432432432432436 0.03365384615384615 0.04391891891891892 0.052884615384615384
3 0.16216216216216217 0.06490384615384616 0.02364864864864865 0.02403846153846154
2 0.04054054054054054 0.14182692307692307 0.006756756756756757 0.11298076923076923
2 0.9695945945945946 0.21153846153846154 0.010135135135135136 0.25721153846153844
2 0.04054054054054054 0.2764423076923077 0.010135135135135136 0.11538461538461539
2 0.04054054054054054 0.4543269230769231 0.006756756756756757 0.09615384615384616
2 0.972972972972973 0.46153846153846156 0.006756756756756757 0.016826923076923076
3 0.8885135135135135 0.46153846153846156 0.016891891891891893 0.009615384615384616
0 0.5101351351351351 0.4855769230769231 0.956081081081081 0.9615384615384616
3 0.9459459459459459 0.4855769230769231 0.016891891891891893 0.01201923076923077
3 0.9459459459459459 0.5240384615384616 0.033783783783783786 0.01201923076923077