2 0.9798657718120806 0.5841346153846154 0.006711409395973154 0.040865384615384616
3 0.06040268456375839 0.6129807692307693 0.010067114093959731 0.014423076923076924
3 0.2785234899328859 0.9423076923076923 0.020134228187919462 0.007211538461538462
1 0.09395973154362416 0.9543269230769231 0.087248322147651 0.040865384615384616
1 0.959731543624161 0.9543269230769231 0.050335570469798654 0.03125
2 0.7785234899328859 0.96875 0.3624161073825503 0.004807692307692308
2 0.28859060402684567 0.96875 0.020134228187919462 0.007211538461538462
3 0.785234899328859 0.021634615384615384 0.026845637583892617 0.004807692307692308
1 0.9664429530201343 0.026442307692307692 0.03691275167785235 0.02403846153846154
2 0.06711409395973154 0.03125 0.03691275167785235 0.03125
3 0.9463087248322147 0.28846153846153844 0.026845637583892617 0.004807692307692308
3 0.9563758389261745 0.3389423076923077 0.0436241610738255 0.004807692307692308
3 0.9731543624161074 0.4326923076923077 0.013422818791946308 0.009615384615384616
0 0.5201342281879194 0.4951923076923077 0.9429530201342282 0.9639423076923077