2 0.9695945945945946 0.7932692307692307 0.006756756756756757 0.09615384615384616
3 0.8885135135135135 0.8365384615384616 0.057432432432432436 0.021634615384615384
3 0.8141891891891891 0.8990384615384616 0.013513513513513514 0.009615384615384616
3 0.8412162162162162 0.9014423076923077 0.010135135135135136 0.007211538461538462
3 0.16891891891891891 0.9278846153846154 0.02702702702702703 0.009615384615384616
3 0.7668918918918919 0.9302884615384616 0.02364864864864865 0.016826923076923076
1 0.9358108108108109 0.9326923076923077 0.0777027027027027 0.05048076923076923
1 0.06756756756756757 0.9350961538461539 0.06418918918918919 0.03365384615384615
2 0.27364864864864863 0.9495192307692307 0.05067567567567568 0.004807692307692308
2 0.41216216216216217 0.9519230769230769 0.033783783783783786 0.002403846153846154
2 0.793918918918919 0.9519230769230769 0.22297297297297297 0.004807692307692308
2 0.9459459459459459 0.02403846153846154 0.05405405405405406 0.03125
1 0.0472972972972973 0.038461538461538464 0.02027027027027027 0.05048076923076923
2 0.04054054054054054 0.25721153846153844 0.006756756756756757 0.04807692307692308
2 0.9695945945945946 0.38221153846153844 0.006756756756756757 0.6802884615384616
0 0.5033783783783784 0.4807692307692308 0.956081081081081 0.9615384615384616