2 0.057432432432432436 0.7259615384615384 0.006756756756756757 0.021634615384615384
1 0.972972972972973 0.9423076923076923 0.02702702702702703 0.026442307692307692
1 0.0777027027027027 0.9423076923076923 0.0472972972972973 0.04567307692307692
2 0.9324324324324325 0.9615384615384616 0.033783783783783786 0.002403846153846154
2 0.5033783783783784 0.016826923076923076 0.15202702702702703 0.002403846153846154
2 0.3581081081081081 0.016826923076923076 0.060810810810810814 0.002403846153846154
2 0.12162162162162163 0.019230769230769232 0.030405405405405407 0.002403846153846154
3 0.8952702702702703 0.02403846153846154 0.010135135135135136 0.007211538461538462
3 0.7871621621621622 0.03365384615384615 0.037162162162162164 0.019230769230769232
1 0.9695945945945946 0.040865384615384616 0.030405405405405407 0.038461538461538464
2 0.05067567567567568 0.06490384615384616 0.0033783783783783786 0.03125
2 0.9797297297297297 0.2620192307692308 0.0033783783783783786 0.038461538461538464
2 0.9797297297297297 0.35336538461538464 0.006756756756756757 0.040865384615384616
0 0.5152027027027027 0.49399038461538464 0.9493243243243243 0.9591346153846154