2 0.9832214765100671 0.5889423076923077 0.006711409395973154 0.055288461538461536
2 0.9832214765100671 0.7620192307692307 0.006711409395973154 0.0673076923076923
1 0.07046979865771812 0.9471153846153846 0.05704697986577181 0.052884615384615384
1 0.9530201342281879 0.9519230769230769 0.06711409395973154 0.040865384615384616
2 0.8120805369127517 0.9663461538461539 0.006711409395973154 0.004807692307692308
2 0.44966442953020136 0.9663461538461539 0.17785234899328858 0.004807692307692308
2 0.18456375838926176 0.9663461538461539 0.0436241610738255 0.004807692307692308
2 0.7214765100671141 0.9663461538461539 0.006711409395973154 0.002403846153846154
2 0.28859060402684567 0.9663461538461539 0.04697986577181208 0.004807692307692308
1 0.05704697986577181 0.028846153846153848 0.030201342281879196 0.036057692307692304
1 0.9630872483221476 0.04326923076923077 0.053691275167785234 0.06971153846153846
2 0.9798657718120806 0.27163461538461536 0.006711409395973154 0.06009615384615385
2 0.9798657718120806 0.4543269230769231 0.006711409395973154 0.15384615384615385
0 0.5134228187919463 0.49038461538461536 0.9530201342281879 0.9711538461538461