2 0.9865771812080537 0.5793269230769231 0.006711409395973154 0.026442307692307692
3 0.9463087248322147 0.5817307692307693 0.053691275167785234 0.01201923076923077
1 0.9530201342281879 0.9567307692307693 0.07046979865771812 0.040865384615384616
1 0.10738255033557047 0.9711538461538461 0.040268456375838924 0.007211538461538462
2 0.8825503355704698 0.9711538461538461 0.04697986577181208 0.002403846153846154
2 0.7986577181208053 0.9711538461538461 0.0436241610738255 0.002403846153846154
2 0.24161073825503357 0.9735576923076923 0.15436241610738255 0.002403846153846154
2 0.610738255033557 0.021634615384615384 0.174496644295302 0.004807692307692308
3 0.5671140939597316 0.03125 0.006711409395973154 0.016826923076923076
1 0.07718120805369127 0.038461538461538464 0.050335570469798654 0.036057692307692304
1 0.959731543624161 0.038461538461538464 0.06040268456375839 0.04807692307692308
2 0.9832214765100671 0.3629807692307692 0.010067114093959731 0.06490384615384616
2 0.05704697986577181 0.3942307692307692 0.006711409395973154 0.03365384615384615
0 0.5167785234899329 0.49759615384615385 0.9496644295302014 0.9735576923076923