2 0.057432432432432436 0.5865384615384616 0.006756756756756757 0.07692307692307693
2 0.9831081081081081 0.59375 0.006756756756756757 0.11298076923076923
2 0.057432432432432436 0.6586538461538461 0.0033783783783783786 0.028846153846153848
3 0.972972972972973 0.7067307692307693 0.006756756756756757 0.007211538461538462
2 0.057432432432432436 0.7235576923076923 0.006756756756756757 0.0625
2 0.9831081081081081 0.7427884615384616 0.006756756756756757 0.1201923076923077
2 0.057432432432432436 0.7836538461538461 0.006756756756756757 0.038461538461538464
3 0.06418918918918919 0.8317307692307693 0.016891891891891893 0.004807692307692308
3 0.2905405405405405 0.8581730769230769 0.057432432432432436 0.15625
3 0.9324324324324325 0.8629807692307693 0.05405405405405406 0.009615384615384616
2 0.057432432432432436 0.8870192307692307 0.0033783783783783786 0.03125
3 0.6756756756756757 0.9014423076923077 0.006756756756756757 0.021634615384615384
3 0.8209459459459459 0.9206730769230769 0.010135135135135136 0.019230769230769232
1 0.0777027027027027 0.9375 0.057432432432432436 0.04807692307692308
3 0.4391891891891892 0.9447115384615384 0.05067567567567568 0.026442307692307692
3 0.5608108108108109 0.9471153846153846 0.08783783783783784 0.02403846153846154
1 0.9493243243243243 0.9471153846153846 0.0777027027027027 0.03365384615384615
3 0.3783783783783784 0.9495192307692307 0.013513513513513514 0.016826923076923076
1 0.2533783783783784 0.9567307692307693 0.2195945945945946 0.004807692307692308
2 0.7297297297297297 0.9591346153846154 0.16554054054054054 0.004807692307692308
2 0.3581081081081081 0.016826923076923076 0.527027027027027 0.004807692307692308
2 0.777027027027027 0.019230769230769232 0.2533783783783784 0.007211538461538462
1 0.9527027027027027 0.03365384615384615 0.06756756756756757 0.04326923076923077
1 0.06418918918918919 0.036057692307692304 0.04391891891891892 0.04807692307692308
3 0.7094594594594594 0.052884615384615384 0.060810810810810814 0.04807692307692308
2 0.057432432432432436 0.11298076923076923 0.006756756756756757 0.06971153846153846
2 0.057432432432432436 0.18269230769230768 0.0033783783783783786 0.04326923076923077
3 0.875 0.24519230769230768 0.10810810810810811 0.11778846153846154
3 0.9594594594594594 0.2548076923076923 0.030405405405405407 0.028846153846153848
2 0.9797297297297297 0.28365384615384615 0.006756756756756757 0.07932692307692307
3 0.07094594594594594 0.31971153846153844 0.013513513513513514 0.009615384615384616
3 0.9459459459459459 0.3245192307692308 0.02702702702702703 0.019230769230769232
2 0.057432432432432436 0.375 0.010135135135135136 0.09375
2 0.9797297297297297 0.4182692307692308 0.010135135135135136 0.1466346153846154
3 0.10810810810810811 0.47836538461538464 0.07094594594594594 0.06009615384615385
0 0.5202702702702703 0.49038461538461536 0.9425675675675675 0.9543269230769231
2 0.057432432432432436 0.5096153846153846 0.006756756756756757 0.055288461538461536