3 0.9662162162162162 0.5649038461538461 0.02364864864864865 0.021634615384615384
3 0.956081081081081 0.5913461538461539 0.04054054054054054 0.004807692307692308
3 0.8445945945945946 0.6153846153846154 0.07094594594594594 0.01201923076923077
3 0.7432432432432432 0.9182692307692307 0.0472972972972973 0.014423076923076924
1 0.09121621621621621 0.9375 0.08108108108108109 0.052884615384615384
1 0.9493243243243243 0.9399038461538461 0.08108108108108109 0.04326923076923077
2 0.7668918918918919 0.9591346153846154 0.27364864864864863 0.002403846153846154
2 0.16891891891891891 0.9591346153846154 0.08783783783783784 0.002403846153846154
2 0.5 0.014423076923076924 0.8378378378378378 0.004807692307692308
1 0.956081081081081 0.036057692307692304 0.057432432432432436 0.05048076923076923
1 0.07432432432432433 0.040865384615384616 0.05067567567567568 0.057692307692307696
3 0.9695945945945946 0.25961538461538464 0.016891891891891893 0.007211538461538462
3 0.8412162162162162 0.31971153846153844 0.030405405405405407 0.02403846153846154
3 0.8783783783783784 0.32211538461538464 0.02702702702702703 0.009615384615384616
3 0.972972972972973 0.43990384615384615 0.016891891891891893 0.009615384615384616
0 0.5168918918918919 0.49278846153846156 0.9459459459459459 0.9615384615384616