3 0.08108108108108109 0.5673076923076923 0.030405405405405407 0.014423076923076924
3 0.9493243243243243 0.5697115384615384 0.010135135135135136 0.009615384615384616
2 0.9763513513513513 0.5697115384615384 0.006756756756756757 0.23317307692307693
3 0.4189189189189189 0.6923076923076923 0.02702702702702703 0.014423076923076924
2 0.9763513513513513 0.71875 0.013513513513513514 0.036057692307692304
3 0.9391891891891891 0.7211538461538461 0.010135135135135136 0.004807692307692308
3 0.9493243243243243 0.8076923076923077 0.016891891891891893 0.007211538461538462
2 0.9763513513513513 0.8197115384615384 0.010135135135135136 0.038461538461538464
3 0.8074324324324325 0.9134615384615384 0.02364864864864865 0.016826923076923076
1 0.9797297297297297 0.9302884615384616 0.013513513513513514 0.038461538461538464
3 0.5878378378378378 0.9399038461538461 0.04054054054054054 0.009615384615384616
1 0.09797297297297297 0.9543269230769231 0.07094594594594594 0.019230769230769232
1 0.9324324324324325 0.9543269230769231 0.08108108108108109 0.021634615384615384
3 0.875 0.021634615384615384 0.02702702702702703 0.007211538461538462
1 0.9459459459459459 0.028846153846153848 0.05405405405405406 0.026442307692307692
1 0.08108108108108109 0.03125 0.04391891891891892 0.026442307692307692
3 0.5337837837837838 0.052884615384615384 0.02027027027027027 0.007211538461538462
2 0.972972972972973 0.1346153846153846 0.010135135135135136 0.055288461538461536
2 0.05067567567567568 0.25721153846153844 0.006756756756756757 0.028846153846153848
2 0.9763513513513513 0.30288461538461536 0.010135135135135136 0.2644230769230769
3 0.057432432432432436 0.4855769230769231 0.02027027027027027 0.016826923076923076
0 0.5135135135135135 0.49038461538461536 0.9527027027027027 0.9639423076923077
2 0.05067567567567568 0.5024038461538461 0.006756756756756757 0.009615384615384616