3 0.07046979865771812 0.5889423076923077 0.03691275167785235 0.040865384615384616
3 0.07718120805369127 0.8605769230769231 0.010067114093959731 0.007211538461538462
1 0.0738255033557047 0.9399038461538461 0.0436241610738255 0.055288461538461536
1 0.9563758389261745 0.9423076923076923 0.06375838926174497 0.055288461538461536
3 0.62751677852349 0.9471153846153846 0.1644295302013423 0.04807692307692308
2 0.5067114093959731 0.96875 0.6040268456375839 0.004807692307692308
1 0.9630872483221476 0.04567307692307692 0.04697986577181208 0.0673076923076923
3 0.13087248322147652 0.13942307692307693 0.016778523489932886 0.021634615384615384
3 0.09060402684563758 0.46153846153846156 0.08053691275167785 0.038461538461538464
0 0.5167785234899329 0.49278846153846156 0.9496644295302014 0.9663461538461539
2 0.9798657718120806 0.5264423076923077 0.006711409395973154 0.07211538461538461