2 0.9763513513513513 0.5552884615384616 0.006756756756756757 0.1778846153846154
2 0.05067567567567568 0.6466346153846154 0.006756756756756757 0.19471153846153846
2 0.9763513513513513 0.7548076923076923 0.006756756756756757 0.07211538461538461
2 0.05067567567567568 0.8293269230769231 0.006756756756756757 0.125
1 0.9493243243243243 0.9350961538461539 0.08108108108108109 0.07211538461538461
1 0.0945945945945946 0.9543269230769231 0.08445945945945946 0.026442307692307692
2 0.3716216216216216 0.019230769230769232 0.08445945945945946 0.007211538461538462
2 0.7905405405405406 0.019230769230769232 0.2635135135135135 0.007211538461538462
1 0.07432432432432433 0.028846153846153848 0.04391891891891892 0.026442307692307692
2 0.9763513513513513 0.22115384615384615 0.006756756756756757 0.09375
3 0.9391891891891891 0.28365384615384615 0.030405405405405407 0.01201923076923077
3 0.9358108108108109 0.31009615384615385 0.016891891891891893 0.004807692307692308
2 0.9797297297297297 0.36778846153846156 0.010135135135135136 0.1778846153846154
2 0.05067567567567568 0.38461538461538464 0.010135135135135136 0.2668269230769231
3 0.9155405405405406 0.40384615384615385 0.06418918918918919 0.01201923076923077
0 0.5135135135135135 0.4879807692307692 0.9425675675675675 0.9615384615384616