3 0.9290540540540541 0.5721153846153846 0.010135135135135136 0.007211538461538462
3 0.06756756756756757 0.6298076923076923 0.02364864864864865 0.01201923076923077
3 0.9155405405405406 0.6466346153846154 0.013513513513513514 0.01201923076923077
3 0.16554054054054054 0.6466346153846154 0.02027027027027027 0.007211538461538462
3 0.06756756756756757 0.65625 0.010135135135135136 0.009615384615384616
3 0.8817567567567568 0.6802884615384616 0.02702702702702703 0.01201923076923077
3 0.9290540540540541 0.6971153846153846 0.006756756756756757 0.004807692307692308
3 0.08783783783783784 0.7139423076923077 0.016891891891891893 0.009615384615384616
3 0.8445945945945946 0.9134615384615384 0.016891891891891893 0.01201923076923077
1 0.07094594594594594 0.9375 0.0472972972972973 0.03365384615384615
1 0.9459459459459459 0.9399038461538461 0.07094594594594594 0.036057692307692304
3 0.7195945945945946 0.9471153846153846 0.013513513513513514 0.01201923076923077
3 0.5472972972972973 0.01201923076923077 0.02027027027027027 0.009615384615384616
3 0.9628378378378378 0.17307692307692307 0.02027027027027027 0.01201923076923077
3 0.9459459459459459 0.34615384615384615 0.013513513513513514 0.007211538461538462
3 0.9425675675675675 0.36778846153846156 0.010135135135135136 0.014423076923076924
3 0.06418918918918919 0.4831730769230769 0.010135135135135136 0.004807692307692308
0 0.5168918918918919 0.4831730769230769 0.9425675675675675 0.9639423076923077
3 0.9628378378378378 0.49038461538461536 0.016891891891891893 0.016826923076923076
3 0.12162162162162163 0.49278846153846156 0.010135135135135136 0.019230769230769232
3 0.09797297297297297 0.5384615384615384 0.02027027027027027 0.014423076923076924