3 0.6216216216216216 0.7524038461538461 0.02027027027027027 0.007211538461538462
1 0.9493243243243243 0.9350961538461539 0.06756756756756757 0.038461538461538464
1 0.08108108108108109 0.9399038461538461 0.06418918918918919 0.03125
2 0.7702702702702703 0.9495192307692307 0.030405405405405407 0.007211538461538462
2 0.6756756756756757 0.9495192307692307 0.037162162162162164 0.007211538461538462
3 0.5506756756756757 0.014423076923076924 0.02364864864864865 0.01201923076923077
2 0.0472972972972973 0.14903846153846154 0.010135135135135136 0.04567307692307692
3 0.9425675675675675 0.17548076923076922 0.010135135135135136 0.01201923076923077
2 0.0472972972972973 0.21394230769230768 0.0033783783783783786 0.007211538461538462
2 0.0472972972972973 0.3293269230769231 0.0033783783783783786 0.014423076923076924
0 0.5135135135135135 0.4807692307692308 0.9493243243243243 0.9567307692307693