2 0.053691275167785234 0.5913461538461539 0.013422818791946308 0.1971153846153846
2 0.9798657718120806 0.59375 0.013422818791946308 0.37740384615384615
3 0.9630872483221476 0.6586538461538461 0.016778523489932886 0.019230769230769232
2 0.053691275167785234 0.7788461538461539 0.006711409395973154 0.014423076923076924
2 0.053691275167785234 0.8317307692307693 0.003355704697986577 0.016826923076923076
2 0.053691275167785234 0.8966346153846154 0.006711409395973154 0.08653846153846154
3 0.8657718120805369 0.9399038461538461 0.02348993288590604 0.009615384615384616
1 0.9681208053691275 0.9435096153846154 0.0436241610738255 0.055288461538461536
1 0.0738255033557047 0.9519230769230769 0.07046979865771812 0.055288461538461536
1 0.05704697986577181 0.026442307692307692 0.03355704697986577 0.02403846153846154
1 0.9731543624161074 0.03365384615384615 0.013422818791946308 0.019230769230769232
2 0.050335570469798654 0.1971153846153846 0.013422818791946308 0.31009615384615385
0 0.5167785234899329 0.49278846153846156 0.9429530201342282 0.9663461538461539