3 0.959731543624161 0.5504807692307693 0.0436241610738255 0.036057692307692304
3 0.14429530201342283 0.6009615384615384 0.14093959731543623 0.15384615384615385
2 0.9832214765100671 0.6225961538461539 0.010067114093959731 0.43990384615384615
2 0.053691275167785234 0.7956730769230769 0.006711409395973154 0.12980769230769232
3 0.08389261744966443 0.8317307692307693 0.03355704697986577 0.026442307692307692
1 0.9563758389261745 0.9471153846153846 0.07046979865771812 0.04567307692307692
1 0.09060402684563758 0.9471153846153846 0.0738255033557047 0.055288461538461536
3 0.8557046979865772 0.9495192307692307 0.1342281879194631 0.036057692307692304
3 0.28859060402684567 0.9495192307692307 0.1040268456375839 0.040865384615384616
3 0.6040268456375839 0.9495192307692307 0.2080536912751678 0.036057692307692304
2 0.5906040268456376 0.9639423076923077 0.6543624161073825 0.007211538461538462
2 0.10067114093959731 0.9663461538461539 0.03691275167785235 0.004807692307692308
2 0.050335570469798654 0.1346153846153846 0.003355704697986577 0.014423076923076924
3 0.9630872483221476 0.2403846153846154 0.040268456375838924 0.03125
3 0.053691275167785234 0.30528846153846156 0.013422818791946308 0.007211538461538462
3 0.825503355704698 0.3173076923076923 0.06040268456375839 0.028846153846153848
3 0.05704697986577181 0.4206730769230769 0.020134228187919462 0.007211538461538462
3 0.09731543624161074 0.4230769230769231 0.03691275167785235 0.009615384615384616
0 0.5167785234899329 0.49038461538461536 0.9429530201342282 0.96875