2 0.9899328859060402 0.5961538461538461 0.003355704697986577 0.038461538461538464
3 0.9630872483221476 0.7475961538461539 0.053691275167785234 0.009615384615384616
1 0.9664429530201343 0.9615384615384616 0.050335570469798654 0.036057692307692304
1 0.09060402684563758 0.9639423076923077 0.053691275167785234 0.040865384615384616
3 0.6040268456375839 0.9711538461538461 0.020134228187919462 0.01201923076923077
2 0.6577181208053692 0.026442307692307692 0.06711409395973154 0.004807692307692308
1 0.10067114093959731 0.04807692307692308 0.1040268456375839 0.04326923076923077
1 0.9798657718120806 0.052884615384615384 0.020134228187919462 0.038461538461538464
3 0.7583892617449665 0.055288461538461536 0.010067114093959731 0.014423076923076924
2 0.9865771812080537 0.39663461538461536 0.010067114093959731 0.08173076923076923
0 0.5234899328859061 0.5048076923076923 0.9328859060402684 0.9615384615384616