3 0.08445945945945946 0.5985576923076923 0.02027027027027027 0.007211538461538462
2 0.05405405405405406 0.7019230769230769 0.006756756756756757 0.0625
3 0.0777027027027027 0.75 0.016891891891891893 0.009615384615384616
3 0.75 0.9254807692307693 0.010135135135135136 0.004807692307692308
3 0.2939189189189189 0.9254807692307693 0.016891891891891893 0.007211538461538462
1 0.08445945945945946 0.9302884615384616 0.07432432432432433 0.06009615384615385
3 0.39864864864864863 0.9375 0.02702702702702703 0.028846153846153848
1 0.9391891891891891 0.9423076923076923 0.08445945945945946 0.040865384615384616
3 0.2939189189189189 0.9471153846153846 0.016891891891891893 0.01201923076923077
1 0.9695945945945946 0.026442307692307692 0.02027027027027027 0.019230769230769232
3 0.777027027027027 0.028846153846153848 0.02364864864864865 0.014423076923076924
1 0.0777027027027027 0.03125 0.060810810810810814 0.038461538461538464
3 0.09121621621621621 0.07932692307692307 0.006756756756756757 0.026442307692307692
3 0.22297297297297297 0.13221153846153846 0.02027027027027027 0.007211538461538462
3 0.19594594594594594 0.2283653846153846 0.016891891891891893 0.007211538461538462
3 0.9391891891891891 0.28125 0.037162162162162164 0.004807692307692308
2 0.05405405405405406 0.36778846153846156 0.0033783783783783786 0.05048076923076923
3 0.9425675675675675 0.40625 0.013513513513513514 0.04326923076923077
0 0.5202702702702703 0.4807692307692308 0.9425675675675675 0.9567307692307693