3 0.08108108108108109 0.8173076923076923 0.016891891891891893 0.021634615384615384
1 0.9628378378378378 0.9423076923076923 0.033783783783783786 0.028846153846153848
3 0.4527027027027027 0.9423076923076923 0.016891891891891893 0.009615384615384616
1 0.0777027027027027 0.9471153846153846 0.05067567567567568 0.021634615384615384
3 0.5675675675675675 0.9519230769230769 0.02027027027027027 0.014423076923076924
2 0.6554054054054054 0.9543269230769231 0.02364864864864865 0.009615384615384616
2 0.39864864864864863 0.9567307692307693 0.0472972972972973 0.004807692307692308
3 0.8006756756756757 0.016826923076923076 0.016891891891891893 0.007211538461538462
1 0.9695945945945946 0.038461538461538464 0.030405405405405407 0.04326923076923077
1 0.05067567567567568 0.040865384615384616 0.013513513513513514 0.016826923076923076
0 0.5101351351351351 0.4879807692307692 0.9527027027027027 0.9567307692307693