3 0.15436241610738255 0.6346153846153846 0.11409395973154363 0.03365384615384615
3 0.06040268456375839 0.7620192307692307 0.016778523489932886 0.016826923076923076
1 0.9395973154362416 0.9471153846153846 0.087248322147651 0.03365384615384615
1 0.09395973154362416 0.9519230769230769 0.10067114093959731 0.04567307692307692
3 0.16778523489932887 0.9519230769230769 0.016778523489932886 0.01201923076923077
3 0.9630872483221476 0.09375 0.02348993288590604 0.09615384615384616
2 0.04697986577181208 0.23557692307692307 0.010067114093959731 0.08413461538461539
3 0.17114093959731544 0.24759615384615385 0.026845637583892617 0.016826923076923076
3 0.09731543624161074 0.3125 0.020134228187919462 0.02403846153846154
2 0.04697986577181208 0.3798076923076923 0.006711409395973154 0.02403846153846154
0 0.5100671140939598 0.4879807692307692 0.9395973154362416 0.9663461538461539
2 0.9731543624161074 0.5192307692307693 0.010067114093959731 0.055288461538461536