2 0.9832214765100671 0.7019230769230769 0.010067114093959731 0.3004807692307692
1 0.9496644295302014 0.9423076923076923 0.08053691275167785 0.06009615384615385
1 0.08053691275167785 0.9495192307692307 0.06375838926174497 0.038461538461538464
2 0.15436241610738255 0.9639423076923077 0.07718120805369127 0.004807692307692308
2 0.4865771812080537 0.9663461538461539 0.3825503355704698 0.004807692307692308
2 0.6912751677852349 0.014423076923076924 0.27181208053691275 0.009615384615384616
1 0.08053691275167785 0.04326923076923077 0.06040268456375839 0.0673076923076923
2 0.05704697986577181 0.14182692307692307 0.006711409395973154 0.08653846153846154
2 0.9832214765100671 0.2283653846153846 0.013422818791946308 0.15144230769230768
2 0.9832214765100671 0.47836538461538464 0.010067114093959731 0.12980769230769232
0 0.5167785234899329 0.4951923076923077 0.9463087248322147 0.9759615384615384
2 0.06040268456375839 0.5144230769230769 0.010067114093959731 0.6105769230769231