3 0.10810810810810811 0.6466346153846154 0.060810810810810814 0.002403846153846154
3 0.9695945945945946 0.8846153846153846 0.02027027027027027 0.01201923076923077
1 0.057432432432432436 0.9278846153846154 0.02027027027027027 0.036057692307692304
1 0.9594594594594594 0.9302884615384616 0.04054054054054054 0.04807692307692308
2 0.10810810810810811 0.9519230769230769 0.057432432432432436 0.007211538461538462
2 0.902027027027027 0.9543269230769231 0.07094594594594594 0.002403846153846154
2 0.23986486486486486 0.9543269230769231 0.057432432432432436 0.004807692307692308
2 0.7736486486486487 0.9543269230769231 0.125 0.004807692307692308
1 0.9391891891891891 0.028846153846153848 0.07432432432432433 0.04326923076923077
2 0.9797297297297297 0.09615384615384616 0.006756756756756757 0.08173076923076923
0 0.5067567567567568 0.4831730769230769 0.9391891891891891 0.9519230769230769