2 0.9865771812080537 0.6850961538461539 0.006711409395973154 0.0625
1 0.09060402684563758 0.9471153846153846 0.06040268456375839 0.05048076923076923
1 0.9530201342281879 0.9591346153846154 0.0738255033557047 0.026442307692307692
2 0.5335570469798657 0.96875 0.10738255033557047 0.007211538461538462
2 0.610738255033557 0.016826923076923076 0.06040268456375839 0.007211538461538462
1 0.08389261744966443 0.036057692307692304 0.06375838926174497 0.040865384615384616
3 0.8489932885906041 0.040865384615384616 0.016778523489932886 0.019230769230769232
3 0.6812080536912751 0.040865384615384616 0.03691275167785235 0.01201923076923077
2 0.9865771812080537 0.4326923076923077 0.003355704697986577 0.08173076923076923
0 0.5201342281879194 0.49759615384615385 0.9429530201342282 0.96875
3 0.10067114093959731 0.5072115384615384 0.026845637583892617 0.026442307692307692