2 0.9832214765100671 0.7235576923076923 0.010067114093959731 0.2620192307692308
2 0.050335570469798654 0.75 0.006711409395973154 0.33653846153846156
1 0.9463087248322147 0.9447115384615384 0.09060402684563758 0.05048076923076923
1 0.087248322147651 0.9543269230769231 0.08389261744966443 0.04567307692307692
2 0.7583892617449665 0.96875 0.22483221476510068 0.007211538461538462
2 0.4228187919463087 0.96875 0.35906040268456374 0.007211538461538462
2 0.17114093959731544 0.9711538461538461 0.07046979865771812 0.004807692307692308
2 0.5134228187919463 0.019230769230769232 0.8523489932885906 0.004807692307692308
3 0.3221476510067114 0.036057692307692304 0.06040268456375839 0.02403846153846154
1 0.06375838926174497 0.04326923076923077 0.053691275167785234 0.055288461538461536
1 0.9496644295302014 0.04326923076923077 0.08053691275167785 0.0625
2 0.9798657718120806 0.2091346153846154 0.010067114093959731 0.25961538461538464
2 0.04697986577181208 0.32211538461538464 0.010067114093959731 0.4951923076923077
2 0.9798657718120806 0.4639423076923077 0.013422818791946308 0.24278846153846154
0 0.5100671140939598 0.4951923076923077 0.959731543624161 0.9711538461538461