2 0.050335570469798654 0.7067307692307693 0.010067114093959731 0.13942307692307693
3 0.7751677852348994 0.8774038461538461 0.016778523489932886 0.019230769230769232
3 0.7214765100671141 0.8966346153846154 0.026845637583892617 0.03125
1 0.9530201342281879 0.9471153846153846 0.06040268456375839 0.04807692307692308
1 0.09060402684563758 0.9471153846153846 0.09060402684563758 0.057692307692307696
3 0.8691275167785235 0.9495192307692307 0.11073825503355705 0.036057692307692304
3 0.2214765100671141 0.9519230769230769 0.0738255033557047 0.03125
2 0.4228187919463087 0.96875 0.15100671140939598 0.002403846153846154
2 0.5604026845637584 0.021634615384615384 0.674496644295302 0.009615384615384616
1 0.9395973154362416 0.03365384615384615 0.08053691275167785 0.04567307692307692
1 0.07046979865771812 0.04807692307692308 0.06040268456375839 0.06009615384615385
2 0.9731543624161074 0.13701923076923078 0.010067114093959731 0.18269230769230768
0 0.5067114093959731 0.4951923076923077 0.9563758389261745 0.9615384615384616
2 0.9731543624161074 0.49759615384615385 0.013422818791946308 0.5288461538461539
2 0.050335570469798654 0.5096153846153846 0.006711409395973154 0.18990384615384615