2 0.9695945945945946 0.6802884615384616 0.013513513513513514 0.11057692307692307
2 0.972972972972973 0.8125 0.006756756756756757 0.12259615384615384
1 0.9493243243243243 0.9278846153846154 0.060810810810810814 0.055288461538461536
2 0.07432432432432433 0.9278846153846154 0.05405405405405406 0.055288461538461536
2 0.46621621621621623 0.9519230769230769 0.09121621621621621 0.004807692307692308
2 0.7905405405405406 0.9519230769230769 0.23310810810810811 0.004807692307692308
2 0.6317567567567568 0.9519230769230769 0.05405405405405406 0.004807692307692308
2 0.34459459459459457 0.9519230769230769 0.04391891891891892 0.004807692307692308
2 0.13513513513513514 0.9543269230769231 0.02027027027027027 0.004807692307692308
1 0.9358108108108109 0.03365384615384615 0.0777027027027027 0.055288461538461536
1 0.08108108108108109 0.03365384615384615 0.0945945945945946 0.052884615384615384
3 0.9290540540540541 0.0625 0.02027027027027027 0.009615384615384616
3 0.0472972972972973 0.10096153846153846 0.016891891891891893 0.004807692307692308
2 0.04054054054054054 0.13701923076923078 0.010135135135135136 0.026442307692307692
2 0.9695945945945946 0.13701923076923078 0.010135135135135136 0.11298076923076923
3 0.08108108108108109 0.18269230769230768 0.010135135135135136 0.014423076923076924
3 0.9391891891891891 0.28365384615384615 0.016891891891891893 0.002403846153846154
2 0.9695945945945946 0.31009615384615385 0.010135135135135136 0.15384615384615385
3 0.06756756756756757 0.42788461538461536 0.02027027027027027 0.007211538461538462
3 0.08108108108108109 0.4423076923076923 0.013513513513513514 0.009615384615384616
0 0.5101351351351351 0.4831730769230769 0.956081081081081 0.9591346153846154
2 0.9695945945945946 0.5096153846153846 0.010135135135135136 0.05048076923076923