3 0.34932427364864865 0.6581882451923077 0.3554843547297297 0.6514161466346154 0.19833638175675675 0.57426975 0.1970023277027027 0.5797115288461538 0.33084403716216215 0.6522128629807693 0.34932427364864865 0.6581882451923077
2 0.9831081081081081 0.71875 0.010135135135135136 0.21394230769230768
3 0.9662162162162162 0.8725961538461539 0.02702702702702703 0.01201923076923077
1 0.09121621621621621 0.9326923076923077 0.08108108108108109 0.055288461538461536
1 0.956081081081081 0.9375 0.060810810810810814 0.040865384615384616
2 0.543918918918919 0.9543269230769231 0.8141891891891891 0.004807692307692308
1 0.9459459459459459 0.03365384615384615 0.0777027027027027 0.05048076923076923
1 0.08108108108108109 0.036057692307692304 0.060810810810810814 0.052884615384615384
2 0.9831081081081081 0.20673076923076922 0.010135135135135136 0.28846153846153844
2 0.05405405405405406 0.34375 0.010135135135135136 0.22596153846153846
3 0.9662162162162162 0.4543269230769231 0.030405405405405407 0.02403846153846154
0 0.518581081081081 0.4879807692307692 0.9425675675675675 0.9567307692307693