2 0.04391891891891892 0.84375 0.0033783783783783786 0.06009615384615385
3 0.21621621621621623 0.8918269230769231 0.11148648648648649 0.11778846153846154
1 0.9391891891891891 0.9278846153846154 0.07432432432432433 0.055288461538461536
1 0.08108108108108109 0.9302884615384616 0.07432432432432433 0.055288461538461536
1 0.08445945945945946 0.028846153846153848 0.08783783783783784 0.04326923076923077
1 0.9222972972972973 0.040865384615384616 0.10810810810810811 0.0673076923076923
2 0.972972972972973 0.2091346153846154 0.0033783783783783786 0.04326923076923077
3 0.9425675675675675 0.28125 0.04391891891891892 0.009615384615384616
2 0.972972972972973 0.3557692307692308 0.006756756756756757 0.07211538461538461
3 0.8783783783783784 0.37740384615384615 0.006756756756756757 0.016826923076923076
3 0.9290540540540541 0.38461538461538464 0.05405405405405406 0.002403846153846154
3 0.8344594594594594 0.42788461538461536 0.02702702702702703 0.009615384615384616
0 0.5101351351351351 0.4831730769230769 0.9527027027027027 0.9567307692307693