3 0.9527027027027027 0.6225961538461539 0.013513513513513514 0.009615384615384616
2 0.4222972972972973 0.01201923076923077 0.38513513513513514 0.002403846153846154
3 0.8783783783783784 0.016826923076923076 0.013513513513513514 0.004807692307692308
1 0.9459459459459459 0.019230769230769232 0.030405405405405407 0.014423076923076924
3 0.6756756756756757 0.026442307692307692 0.010135135135135136 0.007211538461538462
3 0.9493243243243243 0.1346153846153846 0.02702702702702703 0.016826923076923076
3 0.956081081081081 0.17548076923076922 0.006756756756756757 0.007211538461538462
3 0.9594594594594594 0.21153846153846154 0.006756756756756757 0.004807692307692308
3 0.9662162162162162 0.4110576923076923 0.010135135135135136 0.014423076923076924
0 0.5067567567567568 0.4831730769230769 0.9527027027027027 0.9543269230769231
3 0.08445945945945946 0.5 0.033783783783783786 0.016826923076923076