3 0.18120805369127516 0.6634615384615384 0.013422818791946308 0.01201923076923077
2 0.053691275167785234 0.8365384615384616 0.006711409395973154 0.10576923076923077
1 0.9496644295302014 0.9399038461538461 0.07718120805369127 0.0625
1 0.08053691275167785 0.9543269230769231 0.06040268456375839 0.03125
2 0.15436241610738255 0.9663461538461539 0.13087248322147652 0.004807692307692308
2 0.35570469798657717 0.9663461538461539 0.10067114093959731 0.004807692307692308
2 0.7046979865771812 0.9663461538461539 0.40268456375838924 0.007211538461538462
3 0.4697986577181208 0.021634615384615384 0.006711409395973154 0.007211538461538462
1 0.08053691275167785 0.036057692307692304 0.07046979865771812 0.04807692307692308
1 0.9563758389261745 0.040865384615384616 0.06711409395973154 0.057692307692307696
2 0.050335570469798654 0.14903846153846154 0.006711409395973154 0.08173076923076923
0 0.5167785234899329 0.49759615384615385 0.9463087248322147 0.9639423076923077
2 0.050335570469798654 0.5096153846153846 0.006711409395973154 0.4855769230769231
2 0.9798657718120806 0.5240384615384616 0.010067114093959731 0.6466346153846154