3 0.912751677852349 0.5793269230769231 0.020134228187919462 0.03365384615384615
3 0.9463087248322147 0.5889423076923077 0.030201342281879196 0.021634615384615384
3 0.0738255033557047 0.8076923076923077 0.016778523489932886 0.019230769230769232
3 0.06375838926174497 0.9086538461538461 0.0436241610738255 0.0673076923076923
3 0.41946308724832215 0.026442307692307692 0.02348993288590604 0.009615384615384616
3 0.6510067114093959 0.038461538461538464 0.050335570469798654 0.028846153846153848
3 0.18120805369127516 0.10576923076923077 0.02348993288590604 0.01201923076923077
3 0.09060402684563758 0.18269230769230768 0.030201342281879196 0.01201923076923077
3 0.0738255033557047 0.19951923076923078 0.013422818791946308 0.004807692307692308
3 0.12751677852348994 0.22355769230769232 0.03355704697986577 0.028846153846153848
3 0.07046979865771812 0.22596153846153846 0.02348993288590604 0.009615384615384616
3 0.07046979865771812 0.375 0.020134228187919462 0.021634615384615384
3 0.1610738255033557 0.37740384615384615 0.013422818791946308 0.007211538461538462
3 0.1174496644295302 0.44711538461538464 0.016778523489932886 0.01201923076923077
0 0.5134228187919463 0.49278846153846156 0.9530201342281879 0.96875
3 0.9228187919463087 0.5120192307692307 0.020134228187919462 0.04807692307692308
3 0.10738255033557047 0.5192307692307693 0.026845637583892617 0.016826923076923076