3 0.11409395973154363 0.5528846153846154 0.020134228187919462 0.007211538461538462
2 0.9865771812080537 0.6298076923076923 0.006711409395973154 0.03365384615384615
2 0.9865771812080537 0.7019230769230769 0.006711409395973154 0.028846153846153848
2 0.9865771812080537 0.7980769230769231 0.006711409395973154 0.03125
2 0.053691275167785234 0.8413461538461539 0.006711409395973154 0.08653846153846154
1 0.11073825503355705 0.9399038461538461 0.11409395973154363 0.06490384615384616
1 0.9463087248322147 0.9471153846153846 0.087248322147651 0.052884615384615384
3 0.17785234899328858 0.9615384615384616 0.013422818791946308 0.01201923076923077
2 0.825503355704698 0.9663461538461539 0.18791946308724833 0.004807692307692308
1 0.9630872483221476 0.038461538461538464 0.053691275167785234 0.05048076923076923
1 0.07046979865771812 0.038461538461538464 0.030201342281879196 0.04807692307692308
0 0.5201342281879194 0.49038461538461536 0.9429530201342282 0.9711538461538461
2 0.053691275167785234 0.5264423076923077 0.003355704697986577 0.028846153846153848