2 0.057432432432432436 0.6442307692307693 0.016891891891891893 0.014423076923076924
1 0.9864864864864865 0.9158653846153846 0.0033783783783783786 0.036057692307692304
1 0.05405405405405406 0.9206730769230769 0.010135135135135136 0.03125
1 0.972972972972973 0.9447115384615384 0.010135135135135136 0.009615384615384616
1 0.11148648648648649 0.9543269230769231 0.08108108108108109 0.01201923076923077
1 0.9324324324324325 0.9543269230769231 0.05405405405405406 0.004807692307692308
2 0.12162162162162163 0.014423076923076924 0.08445945945945946 0.007211538461538462
1 0.9493243243243243 0.019230769230769232 0.057432432432432436 0.019230769230769232
2 0.9797297297297297 0.052884615384615384 0.010135135135135136 0.04807692307692308
2 0.05405405405405406 0.055288461538461536 0.006756756756756757 0.03365384615384615
0 0.5168918918918919 0.4855769230769231 0.9493243243243243 0.9567307692307693