2 0.9695945945945946 0.5552884615384616 0.006756756756756757 0.19230769230769232
2 0.04391891891891892 0.6850961538461539 0.0033783783783783786 0.2403846153846154
2 0.9695945945945946 0.8774038461538461 0.006756756756756757 0.08173076923076923
1 0.9324324324324325 0.9278846153846154 0.08783783783783784 0.052884615384615384
1 0.06756756756756757 0.9278846153846154 0.05405405405405406 0.038461538461538464
2 0.16891891891891891 0.9471153846153846 0.16216216216216217 0.004807692307692308
2 0.5777027027027027 0.9471153846153846 0.07094594594594594 0.004807692307692308
2 0.7567567567567568 0.9495192307692307 0.13513513513513514 0.004807692307692308
1 0.060810810810810814 0.02403846153846154 0.04391891891891892 0.040865384615384616
1 0.9527027027027027 0.028846153846153848 0.05067567567567568 0.05048076923076923
3 0.13851351351351351 0.06490384615384616 0.02364864864864865 0.040865384615384616
3 0.9290540540540541 0.0889423076923077 0.013513513513513514 0.01201923076923077
2 0.9662162162162162 0.13701923076923078 0.006756756756756757 0.125
2 0.9662162162162162 0.28365384615384615 0.006756756756756757 0.13221153846153846
2 0.04391891891891892 0.3389423076923077 0.0033783783783783786 0.06971153846153846
0 0.5033783783783784 0.4807692307692308 0.9459459459459459 0.9615384615384616
2 0.04391891891891892 0.5024038461538461 0.0033783783783783786 0.04326923076923077