2 0.9832214765100671 0.5721153846153846 0.006711409395973154 0.10576923076923077
2 0.9832214765100671 0.6923076923076923 0.003355704697986577 0.11538461538461539
2 0.9865771812080537 0.8197115384615384 0.006711409395973154 0.08173076923076923
1 0.9496644295302014 0.9495192307692307 0.08389261744966443 0.04326923076923077
1 0.09060402684563758 0.9495192307692307 0.0738255033557047 0.04326923076923077
2 0.8590604026845637 0.9639423076923077 0.09731543624161074 0.004807692307692308
2 0.2684563758389262 0.9663461538461539 0.25838926174496646 0.004807692307692308
2 0.714765100671141 0.9663461538461539 0.11073825503355705 0.004807692307692308
3 0.1174496644295302 0.19230769230769232 0.010067114093959731 0.009615384615384616
2 0.9832214765100671 0.2860576923076923 0.006711409395973154 0.04326923076923077
3 0.08389261744966443 0.3293269230769231 0.013422818791946308 0.007211538461538462
0 0.5167785234899329 0.49038461538461536 0.9463087248322147 0.96875