2 0.05067567567567568 0.6298076923076923 0.02027027027027027 0.20192307692307693
3 0.8851351351351351 0.7956730769230769 0.037162162162162164 0.02403846153846154
1 0.08783783783783784 0.9375 0.10135135135135136 0.06009615384615385
3 0.7331081081081081 0.9447115384615384 0.02702702702702703 0.019230769230769232
1 0.9290540540540541 0.9447115384615384 0.0945945945945946 0.04326923076923077
2 0.5202702702702703 0.014423076923076924 0.7871621621621622 0.007211538461538462
1 0.07094594594594594 0.028846153846153848 0.07432432432432433 0.040865384615384616
1 0.9391891891891891 0.036057692307692304 0.08108108108108109 0.057692307692307696
2 0.9695945945945946 0.28365384615384615 0.013513513513513514 0.16105769230769232
2 0.04391891891891892 0.2980769230769231 0.010135135135135136 0.45913461538461536
3 0.9121621621621622 0.3317307692307692 0.016891891891891893 0.014423076923076924
0 0.5101351351351351 0.49038461538461536 0.9628378378378378 0.9807692307692307