2 0.053691275167785234 0.7067307692307693 0.010067114093959731 0.3485576923076923
2 0.9798657718120806 0.7884615384615384 0.010067114093959731 0.20192307692307693
1 0.9563758389261745 0.9495192307692307 0.05704697986577181 0.05048076923076923
3 0.6778523489932886 0.9519230769230769 0.050335570469798654 0.014423076923076924
1 0.08053691275167785 0.9519230769230769 0.06375838926174497 0.04807692307692308
2 0.38926174496644295 0.021634615384615384 0.10067114093959731 0.007211538461538462
1 0.06040268456375839 0.036057692307692304 0.030201342281879196 0.038461538461538464
2 0.053691275167785234 0.2692307692307692 0.010067114093959731 0.2932692307692308
3 0.9429530201342282 0.28846153846153844 0.03691275167785235 0.014423076923076924
3 0.9563758389261745 0.36538461538461536 0.050335570469798654 0.036057692307692304
3 0.9496644295302014 0.4110576923076923 0.02348993288590604 0.040865384615384616
2 0.9765100671140939 0.41346153846153844 0.026845637583892617 0.5288461538461539
3 0.9664429530201343 0.4543269230769231 0.013422818791946308 0.01201923076923077
0 0.5134228187919463 0.4951923076923077 0.9563758389261745 0.9663461538461539