2 0.04391891891891892 0.7403846153846154 0.0033783783783783786 0.0985576923076923
1 0.08108108108108109 0.9326923076923077 0.08445945945945946 0.06490384615384616
1 0.9425675675675675 0.9375 0.07094594594594594 0.06009615384615385
2 0.8581081081081081 0.016826923076923076 0.08108108108108109 0.002403846153846154
2 0.4527027027027027 0.016826923076923076 0.5304054054054054 0.004807692307692308
3 0.4155405405405405 0.036057692307692304 0.0472972972972973 0.02403846153846154
3 0.4966216216216216 0.040865384615384616 0.04054054054054054 0.038461538461538464
1 0.9527027027027027 0.04326923076923077 0.06418918918918919 0.055288461538461536
1 0.057432432432432436 0.04326923076923077 0.04054054054054054 0.055288461538461536
2 0.972972972972973 0.21153846153846154 0.010135135135135136 0.1658653846153846
3 0.9358108108108109 0.28125 0.02702702702702703 0.002403846153846154
3 0.9391891891891891 0.31971153846153844 0.006756756756756757 0.026442307692307692
2 0.04391891891891892 0.35336538461538464 0.0033783783783783786 0.43990384615384615
0 0.5135135135135135 0.4879807692307692 0.9493243243243243 0.9543269230769231
2 0.972972972972973 0.5096153846153846 0.006756756756756757 0.12740384615384615