2 0.05405405405405406 0.5480769230769231 0.006756756756756757 0.07451923076923077
3 0.8851351351351351 0.7019230769230769 0.037162162162162164 0.019230769230769232
2 0.05405405405405406 0.7884615384615384 0.006756756756756757 0.13221153846153846
3 0.9527027027027027 0.875 0.030405405405405407 0.03365384615384615
1 0.956081081081081 0.9326923076923077 0.057432432432432436 0.05048076923076923
1 0.08108108108108109 0.9423076923076923 0.057432432432432436 0.028846153846153848
3 0.5168918918918919 0.9519230769230769 0.32432432432432434 0.004807692307692308
1 0.08783783783783784 0.026442307692307692 0.08445945945945946 0.03365384615384615
3 0.21283783783783783 0.038461538461538464 0.030405405405405407 0.01201923076923077
2 0.9797297297297297 0.06971153846153846 0.006756756756756757 0.038461538461538464
3 0.9695945945945946 0.3389423076923077 0.016891891891891893 0.026442307692307692
0 0.5168918918918919 0.4831730769230769 0.9459459459459459 0.9591346153846154