3 0.07046979865771812 0.5769230769230769 0.03691275167785235 0.052884615384615384
3 0.9664429530201343 0.6538461538461539 0.03355704697986577 0.019230769230769232
3 0.06375838926174497 0.6730769230769231 0.030201342281879196 0.028846153846153848
3 0.8926174496644296 0.7259615384615384 0.030201342281879196 0.021634615384615384
3 0.9798657718120806 0.8581730769230769 0.016778523489932886 0.02403846153846154
3 0.9261744966442953 0.9543269230769231 0.0436241610738255 0.019230769230769232
3 0.8657718120805369 0.9615384615384616 0.03691275167785235 0.016826923076923076
3 0.3288590604026846 0.9615384615384616 0.026845637583892617 0.016826923076923076
1 0.08389261744966443 0.9639423076923077 0.050335570469798654 0.02403846153846154
3 0.6174496644295302 0.026442307692307692 0.016778523489932886 0.016826923076923076
3 0.7281879194630873 0.03125 0.02348993288590604 0.021634615384615384
3 0.40939597315436244 0.036057692307692304 0.020134228187919462 0.026442307692307692
3 0.8691275167785235 0.038461538461538464 0.050335570469798654 0.03125
3 0.9563758389261745 0.06971153846153846 0.040268456375838924 0.05048076923076923
3 0.20469798657718122 0.07451923076923077 0.026845637583892617 0.019230769230769232
3 0.9563758389261745 0.16826923076923078 0.0436241610738255 0.036057692307692304
3 0.9463087248322147 0.28846153846153844 0.040268456375838924 0.016826923076923076
3 0.1476510067114094 0.30288461538461536 0.02348993288590604 0.026442307692307692
3 0.9563758389261745 0.3557692307692308 0.020134228187919462 0.02403846153846154
3 0.08053691275167785 0.40625 0.03691275167785235 0.02403846153846154
3 0.9630872483221476 0.4567307692307692 0.030201342281879196 0.019230769230769232
3 0.05704697986577181 0.4567307692307692 0.013422818791946308 0.028846153846153848
3 0.9429530201342282 0.4735576923076923 0.010067114093959731 0.014423076923076924
0 0.5134228187919463 0.4951923076923077 0.9563758389261745 0.9663461538461539
3 0.08053691275167785 0.5216346153846154 0.013422818791946308 0.01201923076923077