2 0.040268456375838924 0.5649038461538461 0.006711409395973154 0.07932692307692307
2 0.9798657718120806 0.8317307692307693 0.006711409395973154 0.19230769230769232
1 0.9563758389261745 0.9447115384615384 0.053691275167785234 0.04807692307692308
1 0.07046979865771812 0.9567307692307693 0.05704697986577181 0.026442307692307692
2 0.5335570469798657 0.9639423076923077 0.174496644295302 0.004807692307692308
2 0.3288590604026846 0.9663461538461539 0.1912751677852349 0.007211538461538462
2 0.6677852348993288 0.9663461538461539 0.050335570469798654 0.004807692307692308
2 0.761744966442953 0.9663461538461539 0.09731543624161074 0.004807692307692308
2 0.9765100671140939 0.14182692307692307 0.006711409395973154 0.10817307692307693
2 0.9765100671140939 0.28365384615384615 0.010067114093959731 0.16346153846153846
2 0.9765100671140939 0.49038461538461536 0.006711409395973154 0.13701923076923078
0 0.5100671140939598 0.49278846153846156 0.9630872483221476 0.9615384615384616