2 0.04054054054054054 0.7331730769230769 0.006756756756756757 0.15384615384615385
2 0.972972972972973 0.9014423076923077 0.0033783783783783786 0.0625
1 0.0777027027027027 0.9423076923076923 0.07432432432432433 0.05048076923076923
1 0.9324324324324325 0.9519230769230769 0.07432432432432433 0.03365384615384615
2 0.5 0.9591346153846154 0.777027027027027 0.007211538461538462
2 0.40540540540540543 0.016826923076923076 0.6114864864864865 0.007211538461538462
1 0.060810810810810814 0.03365384615384615 0.057432432432432436 0.036057692307692304
1 0.9459459459459459 0.03365384615384615 0.057432432432432436 0.038461538461538464
2 0.04054054054054054 0.25721153846153844 0.010135135135135136 0.026442307692307692
2 0.9695945945945946 0.3942307692307692 0.006756756756756757 0.65625
2 0.04391891891891892 0.4375 0.010135135135135136 0.026442307692307692
0 0.5067567567567568 0.49038461538461536 0.9527027027027027 0.9591346153846154