2 0.9763513513513513 0.7403846153846154 0.010135135135135136 0.21875
1 0.9358108108108109 0.9375 0.0945945945945946 0.04807692307692308
1 0.08783783783783784 0.9399038461538461 0.08445945945945946 0.04326923076923077
2 0.625 0.9567307692307693 0.19594594594594594 0.004807692307692308
2 0.8547297297297297 0.9567307692307693 0.0945945945945946 0.004807692307692308
2 0.2972972972972973 0.9567307692307693 0.27702702702702703 0.004807692307692308
2 0.8378378378378378 0.01201923076923077 0.1554054054054054 0.002403846153846154
2 0.2905405405405405 0.01201923076923077 0.28040540540540543 0.004807692307692308
2 0.5641891891891891 0.01201923076923077 0.09121621621621621 0.004807692307692308
1 0.06418918918918919 0.03125 0.05067567567567568 0.04326923076923077
1 0.9527027027027027 0.038461538461538464 0.060810810810810814 0.06009615384615385
2 0.9763513513513513 0.18028846153846154 0.013513513513513514 0.23317307692307693
2 0.9763513513513513 0.4639423076923077 0.010135135135135136 0.3173076923076923
0 0.5135135135135135 0.4855769230769231 0.9527027027027027 0.9591346153846154