3 0.0472972972972973 0.5600961538461539 0.02027027027027027 0.021634615384615384
2 0.04054054054054054 0.6899038461538461 0.006756756756756757 0.12740384615384615
2 0.972972972972973 0.7764423076923077 0.006756756756756757 0.22355769230769232
3 0.8783783783783784 0.8870192307692307 0.02027027027027027 0.014423076923076924
1 0.9425675675675675 0.9447115384615384 0.08445945945945946 0.036057692307692304
1 0.06756756756756757 0.9471153846153846 0.07094594594594594 0.038461538461538464
3 0.12837837837837837 0.9471153846153846 0.04391891891891892 0.019230769230769232
2 0.2702702702702703 0.016826923076923076 0.24662162162162163 0.004807692307692308
2 0.6047297297297297 0.021634615384615384 0.375 0.016826923076923076
1 0.060810810810810814 0.026442307692307692 0.05067567567567568 0.038461538461538464
1 0.9527027027027027 0.03125 0.057432432432432436 0.038461538461538464
3 0.060810810810810814 0.10336538461538461 0.016891891891891893 0.021634615384615384
2 0.04054054054054054 0.14903846153846154 0.006756756756756757 0.13942307692307693
3 0.9594594594594594 0.31490384615384615 0.030405405405405407 0.04567307692307692
3 0.057432432432432436 0.3293269230769231 0.037162162162162164 0.014423076923076924
2 0.04054054054054054 0.38221153846153844 0.006756756756756757 0.07692307692307693
3 0.060810810810810814 0.3942307692307692 0.030405405405405407 0.03125
3 0.9290540540540541 0.39903846153846156 0.02364864864864865 0.016826923076923076
3 0.8243243243243243 0.41346153846153844 0.02702702702702703 0.01201923076923077
3 0.060810810810810814 0.43509615384615385 0.016891891891891893 0.014423076923076924
3 0.902027027027027 0.4951923076923077 0.04054054054054054 0.014423076923076924
2 0.9695945945945946 0.4951923076923077 0.02027027027027027 0.13942307692307693