3 0.4664429530201342 0.6923076923076923 0.02348993288590604 0.021634615384615384
3 0.40604026845637586 0.6995192307692307 0.020134228187919462 0.026442307692307692
3 0.5234899328859061 0.7307692307692307 0.030201342281879196 0.028846153846153848
3 0.4563758389261745 0.7355769230769231 0.026845637583892617 0.016826923076923076
1 0.9496644295302014 0.9567307692307693 0.08053691275167785 0.036057692307692304
1 0.10067114093959731 0.9615384615384616 0.08053691275167785 0.026442307692307692
2 0.8523489932885906 0.96875 0.026845637583892617 0.002403846153846154
2 0.5033557046979866 0.96875 0.23154362416107382 0.004807692307692308
2 0.7516778523489933 0.016826923076923076 0.25838926174496646 0.004807692307692308
1 0.06375838926174497 0.03125 0.04697986577181208 0.03365384615384615
2 0.9832214765100671 0.3581730769230769 0.006711409395973154 0.25721153846153844
0 0.5134228187919463 0.4951923076923077 0.9496644295302014 0.9639423076923077