2 0.9765100671140939 0.5889423076923077 0.006711409395973154 0.04567307692307692
2 0.9765100671140939 0.6658653846153846 0.006711409395973154 0.03365384615384615
2 0.050335570469798654 0.7211538461538461 0.006711409395973154 0.12259615384615384
2 0.9798657718120806 0.7572115384615384 0.003355704697986577 0.07451923076923077
2 0.9798657718120806 0.8389423076923077 0.006711409395973154 0.019230769230769232
2 0.050335570469798654 0.8990384615384616 0.006711409395973154 0.07692307692307693
1 0.9530201342281879 0.9471153846153846 0.06040268456375839 0.040865384615384616
1 0.07046979865771812 0.9471153846153846 0.053691275167785234 0.038461538461538464
2 0.41946308724832215 0.01201923076923077 0.1342281879194631 0.002403846153846154
2 0.7315436241610739 0.01201923076923077 0.3187919463087248 0.002403846153846154
1 0.9463087248322147 0.02403846153846154 0.06040268456375839 0.02403846153846154
1 0.06040268456375839 0.028846153846153848 0.040268456375838924 0.038461538461538464
2 0.9765100671140939 0.1346153846153846 0.006711409395973154 0.036057692307692304
2 0.04697986577181208 0.3317307692307692 0.003355704697986577 0.12980769230769232
2 0.9765100671140939 0.46875 0.006711409395973154 0.05048076923076923
0 0.5100671140939598 0.49038461538461536 0.9530201342281879 0.9639423076923077
2 0.9765100671140939 0.5360576923076923 0.006711409395973154 0.021634615384615384
2 0.050335570469798654 0.5408653846153846 0.010067114093959731 0.11057692307692307