3 0.9324324324324325 0.7283653846153846 0.016891891891891893 0.009615384615384616
3 0.8986486486486487 0.7451923076923077 0.02702702702702703 0.01201923076923077
3 0.9256756756756757 0.7644230769230769 0.013513513513513514 0.009615384615384616
3 0.9155405405405406 0.7932692307692307 0.033783783783783786 0.021634615384615384
3 0.9087837837837838 0.8365384615384616 0.013513513513513514 0.014423076923076924
3 0.9628378378378378 0.8509615384615384 0.016891891891891893 0.01201923076923077
3 0.847972972972973 0.8629807692307693 0.013513513513513514 0.014423076923076924
3 0.06756756756756757 0.8774038461538461 0.033783783783783786 0.014423076923076924
3 0.8648648648648649 0.9014423076923077 0.037162162162162164 0.02403846153846154
3 0.9763513513513513 0.13942307692307693 0.013513513513513514 0.01201923076923077
3 0.9763513513513513 0.21634615384615385 0.016891891891891893 0.009615384615384616
3 0.9695945945945946 0.25961538461538464 0.013513513513513514 0.019230769230769232
3 0.9425675675675675 0.28125 0.030405405405405407 0.007211538461538462
3 0.9594594594594594 0.31971153846153844 0.010135135135135136 0.009615384615384616
3 0.9527027027027027 0.38221153846153844 0.037162162162162164 0.016826923076923076
0 0.5135135135135135 0.4807692307692308 0.956081081081081 0.9615384615384616
3 0.057432432432432436 0.5072115384615384 0.030405405405405407 0.028846153846153848