2 0.05067567567567568 0.7836538461538461 0.010135135135135136 0.14903846153846154
2 0.9763513513513513 0.7908653846153846 0.006756756756756757 0.13701923076923078
1 0.08445945945945946 0.9350961538461539 0.08108108108108109 0.055288461538461536
2 0.6554054054054054 0.9519230769230769 0.40202702702702703 0.004807692307692308
2 0.3344594594594595 0.9519230769230769 0.0777027027027027 0.004807692307692308
2 0.23310810810810811 0.9543269230769231 0.0777027027027027 0.004807692307692308
2 0.46621621621621623 0.009615384615384616 0.3547297297297297 0.004807692307692308
1 0.06756756756756757 0.03365384615384615 0.05405405405405406 0.055288461538461536
1 0.9459459459459459 0.038461538461538464 0.07094594594594594 0.0673076923076923
2 0.972972972972973 0.1346153846153846 0.006756756756756757 0.06490384615384616
2 0.0472972972972973 0.16105769230769232 0.006756756756756757 0.15144230769230768
2 0.04391891891891892 0.3004807692307692 0.006756756756756757 0.04567307692307692
2 0.972972972972973 0.32211538461538464 0.010135135135135136 0.09615384615384616
2 0.0472972972972973 0.4735576923076923 0.006756756756756757 0.036057692307692304
0 0.5135135135135135 0.4855769230769231 0.956081081081081 0.9639423076923077
2 0.9763513513513513 0.5456730769230769 0.006756756756756757 0.17548076923076922