2 0.05067567567567568 0.5552884615384616 0.006756756756756757 0.036057692307692304
2 0.05405405405405406 0.6730769230769231 0.010135135135135136 0.18269230769230768
2 0.05405405405405406 0.8028846153846154 0.006756756756756757 0.04807692307692308
3 0.6925675675675675 0.8918269230769231 0.02027027027027027 0.019230769230769232
3 0.75 0.9086538461538461 0.04391891891891892 0.016826923076923076
3 0.6385135135135135 0.9110576923076923 0.02364864864864865 0.021634615384615384
1 0.09121621621621621 0.9350961538461539 0.09121621621621621 0.06490384615384616
1 0.9324324324324325 0.9399038461538461 0.10810810810810811 0.052884615384615384
2 0.3885135135135135 0.9591346153846154 0.0472972972972973 0.002403846153846154
2 0.6418918918918919 0.9615384615384616 0.22297297297297297 0.002403846153846154
1 0.16554054054054054 0.016826923076923076 0.07094594594594594 0.002403846153846154
2 0.8885135135135135 0.016826923076923076 0.0472972972972973 0.004807692307692308
2 0.7398648648648649 0.016826923076923076 0.10810810810810811 0.004807692307692308
2 0.5912162162162162 0.016826923076923076 0.125 0.004807692307692308
1 0.3952702702702703 0.019230769230769232 0.1554054054054054 0.009615384615384616
1 0.09121621621621621 0.04567307692307692 0.10135135135135136 0.0673076923076923
1 0.9797297297297297 0.06490384615384616 0.02364864864864865 0.07451923076923077
2 0.0472972972972973 0.11057692307692307 0.0033783783783783786 0.040865384615384616
3 0.956081081081081 0.13701923076923078 0.030405405405405407 0.026442307692307692
2 0.05067567567567568 0.24278846153846154 0.006756756756756757 0.038461538461538464
2 0.05067567567567568 0.39903846153846156 0.006756756756756757 0.12980769230769232
0 0.5135135135135135 0.49038461538461536 0.956081081081081 0.96875
2 0.05067567567567568 0.4951923076923077 0.006756756756756757 0.038461538461538464