2 0.9765100671140939 0.6514423076923077 0.013422818791946308 0.5480769230769231
2 0.050335570469798654 0.6706730769230769 0.006711409395973154 0.14423076923076922
2 0.053691275167785234 0.7980769230769231 0.006711409395973154 0.07211538461538461
1 0.09060402684563758 0.9471153846153846 0.08389261744966443 0.0625
1 0.9496644295302014 0.9471153846153846 0.0738255033557047 0.055288461538461536
2 0.2080536912751678 0.9735576923076923 0.22483221476510068 0.004807692307692308
2 0.6812080536912751 0.9735576923076923 0.3053691275167785 0.004807692307692308
2 0.8322147651006712 0.021634615384615384 0.1610738255033557 0.002403846153846154
2 0.7080536912751678 0.021634615384615384 0.026845637583892617 0.002403846153846154
2 0.3624161073825503 0.021634615384615384 0.5067114093959731 0.007211538461538462
1 0.06040268456375839 0.04567307692307692 0.040268456375838924 0.04807692307692308
1 0.9463087248322147 0.04807692307692308 0.06711409395973154 0.055288461538461536
2 0.9731543624161074 0.19471153846153846 0.013422818791946308 0.23317307692307693
2 0.050335570469798654 0.3076923076923077 0.006711409395973154 0.1658653846153846
2 0.053691275167785234 0.4326923076923077 0.013422818791946308 0.028846153846153848
0 0.5134228187919463 0.49759615384615385 0.9463087248322147 0.9567307692307693