2 0.972972972972973 0.6778846153846154 0.006756756756756757 0.05048076923076923
2 0.04391891891891892 0.6826923076923077 0.0033783783783783786 0.17307692307692307
3 0.9527027027027027 0.7139423076923077 0.02702702702702703 0.01201923076923077
3 0.9493243243243243 0.7524038461538461 0.030405405405405407 0.01201923076923077
1 0.9324324324324325 0.9326923076923077 0.08783783783783784 0.04807692307692308
1 0.08445945945945946 0.9375 0.08445945945945946 0.04807692307692308
3 0.7162162162162162 0.9375 0.037162162162162164 0.026442307692307692
2 0.5641891891891891 0.9543269230769231 0.20608108108108109 0.002403846153846154
2 0.38513513513513514 0.9543269230769231 0.14527027027027026 0.004807692307692308
2 0.8006756756756757 0.9543269230769231 0.1554054054054054 0.002403846153846154
3 0.42905405405405406 0.02403846153846154 0.010135135135135136 0.028846153846153848
1 0.9391891891891891 0.036057692307692304 0.07432432432432433 0.0625
1 0.07432432432432433 0.04326923076923077 0.08108108108108109 0.07451923076923077
2 0.04391891891891892 0.25721153846153844 0.006756756756756757 0.15865384615384615
2 0.972972972972973 0.29086538461538464 0.006756756756756757 0.17307692307692307
2 0.04391891891891892 0.4110576923076923 0.0033783783783783786 0.055288461538461536
0 0.5067567567567568 0.4831730769230769 0.9527027027027027 0.9591346153846154
2 0.9695945945945946 0.5072115384615384 0.006756756756756757 0.1346153846153846
2 0.04391891891891892 0.5192307692307693 0.0033783783783783786 0.12740384615384615