3 0.057432432432432436 0.5793269230769231 0.016891891891891893 0.014423076923076924
3 0.9628378378378378 0.5841346153846154 0.010135135135135136 0.009615384615384616
3 0.060810810810810814 0.7043269230769231 0.02027027027027027 0.021634615384615384
3 0.06756756756756757 0.7860576923076923 0.030405405405405407 0.06009615384615385
3 0.31756756756756754 0.9350961538461539 0.08445945945945946 0.016826923076923076
1 0.956081081081081 0.9375 0.05405405405405406 0.04567307692307692
1 0.08783783783783784 0.9447115384615384 0.07432432432432433 0.038461538461538464
3 0.6790540540540541 0.9519230769230769 0.0472972972972973 0.016826923076923076
1 0.06418918918918919 0.03365384615384615 0.04054054054054054 0.040865384615384616
3 0.17905405405405406 0.04807692307692308 0.02027027027027027 0.007211538461538462
3 0.07432432432432433 0.28846153846153844 0.02027027027027027 0.016826923076923076
0 0.5168918918918919 0.4879807692307692 0.9391891891891891 0.9519230769230769
3 0.06756756756756757 0.4951923076923077 0.037162162162162164 0.0673076923076923
3 0.956081081081081 0.49759615384615385 0.010135135135135136 0.009615384615384616