2 0.04391891891891892 0.5697115384615384 0.010135135135135136 0.2764423076923077
3 0.9391891891891891 0.6009615384615384 0.057432432432432436 0.02403846153846154
2 0.972972972972973 0.6802884615384616 0.006756756756756757 0.2932692307692308
2 0.0472972972972973 0.8052884615384616 0.010135135135135136 0.17548076923076922
1 0.9391891891891891 0.9350961538461539 0.08108108108108109 0.055288461538461536
1 0.11148648648648649 0.9375 0.13513513513513514 0.040865384615384616
2 0.5641891891891891 0.9519230769230769 0.41216216216216217 0.009615384615384616
1 0.08108108108108109 0.028846153846153848 0.08445945945945946 0.04807692307692308
1 0.9324324324324325 0.036057692307692304 0.09797297297297297 0.06009615384615385
3 0.6047297297297297 0.040865384615384616 0.02364864864864865 0.01201923076923077
2 0.04391891891891892 0.25 0.006756756756756757 0.33413461538461536
0 0.5067567567567568 0.4831730769230769 0.9527027027027027 0.9591346153846154
0 0.5101351351351351 0.4855769230769231 0.9493243243243243 0.9639423076923077