2 0.9797297297297297 0.6009615384615384 0.006756756756756757 0.009615384615384616
2 0.9797297297297297 0.6706730769230769 0.006756756756756757 0.016826923076923076
2 0.9831081081081081 0.7403846153846154 0.0033783783783783786 0.007211538461538462
2 0.05405405405405406 0.8846153846153846 0.006756756756756757 0.055288461538461536
2 0.9391891891891891 0.9447115384615384 0.057432432432432436 0.014423076923076924
3 0.44256756756756754 0.9447115384615384 0.02364864864864865 0.019230769230769232
2 0.8547297297297297 0.9495192307692307 0.02364864864864865 0.004807692307692308
2 0.14864864864864866 0.9519230769230769 0.02027027027027027 0.004807692307692308
2 0.652027027027027 0.007211538461538462 0.32094594594594594 0.004807692307692308
2 0.11824324324324324 0.007211538461538462 0.057432432432432436 0.004807692307692308
1 0.9628378378378378 0.019230769230769232 0.04391891891891892 0.03125
2 0.9797297297297297 0.10336538461538461 0.006756756756756757 0.10817307692307693
2 0.9831081081081081 0.4639423076923077 0.006756756756756757 0.01201923076923077
0 0.5118243243243243 0.4795673076923077 0.956081081081081 0.9591346153846154