2 0.9765100671140939 0.5793269230769231 0.020134228187919462 0.0985576923076923
3 0.8590604026845637 0.9495192307692307 0.013422818791946308 0.028846153846153848
1 0.9630872483221476 0.9567307692307693 0.053691275167785234 0.036057692307692304
1 0.07718120805369127 0.9615384615384616 0.05704697986577181 0.028846153846153848
3 0.4899328859060403 0.9639423076923077 0.013422818791946308 0.007211538461538462
2 0.6208053691275168 0.96875 0.053691275167785234 0.004807692307692308
2 0.050335570469798654 0.32211538461538464 0.006711409395973154 0.02403846153846154
2 0.9798657718120806 0.4326923076923077 0.010067114093959731 0.052884615384615384
0 0.5167785234899329 0.4951923076923077 0.9463087248322147 0.9663461538461539
2 0.050335570469798654 0.5144230769230769 0.003355704697986577 0.0889423076923077
3 0.09395973154362416 0.5264423076923077 0.02348993288590604 0.016826923076923076