2 0.9831081081081081 0.5817307692307693 0.006756756756756757 0.021634615384615384
2 0.05405405405405406 0.5865384615384616 0.0033783783783783786 0.15625
2 0.9831081081081081 0.625 0.006756756756756757 0.057692307692307696
2 0.057432432432432436 0.6875 0.0033783783783783786 0.03125
2 0.9864864864864865 0.7572115384615384 0.006756756756756757 0.055288461538461536
2 0.057432432432432436 0.7596153846153846 0.0033783783783783786 0.055288461538461536
2 0.9831081081081081 0.8701923076923077 0.006756756756756757 0.04807692307692308
2 0.057432432432432436 0.8990384615384616 0.0033783783783783786 0.016826923076923076
1 0.9493243243243243 0.9423076923076923 0.08108108108108109 0.04567307692307692
1 0.08108108108108109 0.9423076923076923 0.06418918918918919 0.04567307692307692
2 0.8851351351351351 0.9615384615384616 0.05405405405405406 0.004807692307692308
2 0.706081081081081 0.9615384615384616 0.07432432432432433 0.002403846153846154
2 0.44932432432432434 0.9615384615384616 0.02027027027027027 0.002403846153846154
2 0.5912162162162162 0.9615384615384616 0.10472972972972973 0.004807692307692308
2 0.4966216216216216 0.9615384615384616 0.02027027027027027 0.004807692307692308
1 0.0777027027027027 0.038461538461538464 0.057432432432432436 0.04326923076923077
1 0.956081081081081 0.04567307692307692 0.06418918918918919 0.07211538461538461
2 0.9797297297297297 0.16105769230769232 0.006756756756756757 0.125
2 0.05405405405405406 0.30288461538461536 0.0033783783783783786 0.03365384615384615
2 0.9831081081081081 0.35336538461538464 0.006756756756756757 0.21394230769230768
2 0.05405405405405406 0.4014423076923077 0.0033783783783783786 0.08173076923076923
2 0.05405405405405406 0.4735576923076923 0.0033783783783783786 0.040865384615384616
0 0.5168918918918919 0.4855769230769231 0.9493243243243243 0.9639423076923077
2 0.9831081081081081 0.5264423076923077 0.006756756756756757 0.04567307692307692