3 0.8489932885906041 0.5480769230769231 0.013422818791946308 0.007211538461538462
3 0.6409395973154363 0.5865384615384616 0.006711409395973154 0.007211538461538462
2 0.9765100671140939 0.71875 0.010067114093959731 0.4014423076923077
1 0.087248322147651 0.9375 0.09060402684563758 0.06490384615384616
1 0.9530201342281879 0.9423076923076923 0.06040268456375839 0.05048076923076923
2 0.4697986577181208 0.9639423076923077 0.6073825503355704 0.007211538461538462
2 0.8624161073825504 0.9639423076923077 0.1610738255033557 0.004807692307692308
2 0.802013422818792 0.014423076923076924 0.1912751677852349 0.004807692307692308
1 0.9563758389261745 0.026442307692307692 0.06711409395973154 0.03365384615384615
1 0.10738255033557047 0.038461538461538464 0.13758389261744966 0.057692307692307696
2 0.9798657718120806 0.1466346153846154 0.006711409395973154 0.19951923076923078
3 0.9026845637583892 0.24519230769230768 0.010067114093959731 0.007211538461538462
3 0.7483221476510067 0.3173076923076923 0.006711409395973154 0.004807692307692308
3 0.7315436241610739 0.34134615384615385 0.010067114093959731 0.004807692307692308
3 0.6140939597315436 0.41586538461538464 0.006711409395973154 0.004807692307692308
2 0.050335570469798654 0.4495192307692308 0.006711409395973154 0.7427884615384616
2 0.9798657718120806 0.45913461538461536 0.010067114093959731 0.43028846153846156
3 0.6677852348993288 0.4639423076923077 0.006711409395973154 0.004807692307692308
0 0.5134228187919463 0.49038461538461536 0.9563758389261745 0.9783653846153846
3 0.7516778523489933 0.49759615384615385 0.003355704697986577 0.004807692307692308
3 0.9563758389261745 0.5360576923076923 0.010067114093959731 0.009615384615384616