2 0.9797297297297297 0.8966346153846154 0.006756756756756757 0.07932692307692307
1 0.0777027027027027 0.9423076923076923 0.06418918918918919 0.036057692307692304
1 0.972972972972973 0.9423076923076923 0.02027027027027027 0.014423076923076924
2 0.6452702702702703 0.9567307692307693 0.14527027027027026 0.004807692307692308
2 0.8885135135135135 0.9567307692307693 0.125 0.004807692307692308
1 0.060810810810810814 0.028846153846153848 0.033783783783783786 0.03125
1 0.956081081081081 0.038461538461538464 0.057432432432432436 0.05048076923076923
2 0.9797297297297297 0.1778846153846154 0.0033783783783783786 0.22355769230769232
0 0.5135135135135135 0.49278846153846156 0.9459459459459459 0.9591346153846154
2 0.9797297297297297 0.5048076923076923 0.006756756756756757 0.24278846153846154
2 0.04391891891891892 0.5048076923076923 0.006756756756756757 0.3389423076923077