3 0.09121621621621621 0.6033653846153846 0.016891891891891893 0.009615384615384616
3 0.25 0.6346153846153846 0.037162162162162164 0.01201923076923077
3 0.27364864864864863 0.6682692307692307 0.05067567567567568 0.016826923076923076
2 0.05405405405405406 0.7932692307692307 0.010135135135135136 0.20432692307692307
3 0.9527027027027027 0.8004807692307693 0.033783783783783786 0.08413461538461539
1 0.09121621621621621 0.9423076923076923 0.08108108108108109 0.05048076923076923
1 0.9527027027027027 0.9423076923076923 0.07432432432432433 0.04807692307692308
2 0.5168918918918919 0.016826923076923076 0.8547297297297297 0.009615384615384616
3 0.16554054054054054 0.03125 0.02027027027027027 0.021634615384615384
1 0.06418918918918919 0.036057692307692304 0.05405405405405406 0.05048076923076923
2 0.05067567567567568 0.40865384615384615 0.006756756756756757 0.5480769230769231
0 0.5168918918918919 0.4855769230769231 0.9459459459459459 0.9711538461538461
3 0.12162162162162163 0.5384615384615384 0.02027027027027027 0.01201923076923077