1 0.956081081081081 0.5721153846153846 0.02702702702702703 0.2091346153846154
2 0.9594594594594594 0.7884615384615384 0.010135135135135136 0.19951923076923078
1 0.9222972972972973 0.9399038461538461 0.09797297297297297 0.05048076923076923
1 0.0472972972972973 0.9423076923076923 0.060810810810810814 0.04326923076923077
2 0.2668918918918919 0.9591346153846154 0.08445945945945946 0.007211538461538462
2 0.30405405405405406 0.014423076923076924 0.44594594594594594 0.004807692307692308
2 0.7466216216216216 0.016826923076923076 0.19594594594594594 0.007211538461538462
1 0.9222972972972973 0.03125 0.0945945945945946 0.040865384615384616
1 0.04054054054054054 0.03365384615384615 0.05405405405405406 0.04807692307692308
2 0.9594594594594594 0.25 0.010135135135135136 0.17067307692307693
2 0.9425675675675675 0.41346153846153844 0.04391891891891892 0.07211538461538461
0 0.5 0.4855769230769231 0.9797297297297297 0.9711538461538461