3 0.06711409395973154 0.6923076923076923 0.020134228187919462 0.014423076923076924
2 0.9798657718120806 0.7043269230769231 0.010067114093959731 0.12980769230769232
3 0.5838926174496645 0.7668269230769231 0.016778523489932886 0.014423076923076924
1 0.9530201342281879 0.9591346153846154 0.07718120805369127 0.036057692307692304
1 0.087248322147651 0.9615384615384616 0.07046979865771812 0.03125
3 0.5604026845637584 0.03365384615384615 0.05704697986577181 0.016826923076923076
3 0.0738255033557047 0.036057692307692304 0.05704697986577181 0.03365384615384615
1 0.9630872483221476 0.040865384615384616 0.0436241610738255 0.04567307692307692
3 0.5234899328859061 0.052884615384615384 0.016778523489932886 0.016826923076923076
2 0.9798657718120806 0.13221153846153846 0.006711409395973154 0.13701923076923078
3 0.959731543624161 0.2283653846153846 0.030201342281879196 0.026442307692307692
3 0.9496644295302014 0.28846153846153844 0.03691275167785235 0.009615384615384616
2 0.9798657718120806 0.46875 0.010067114093959731 0.3125
0 0.5134228187919463 0.5 0.9496644295302014 0.9615384615384616