2 0.05067567567567568 0.6081730769230769 0.010135135135135136 0.1466346153846154
2 0.05067567567567568 0.875 0.006756756756756757 0.01201923076923077
2 0.9797297297297297 0.9230769230769231 0.0033783783783783786 0.026442307692307692
2 0.05067567567567568 0.9326923076923077 0.006756756756756757 0.01201923076923077
1 0.9358108108108109 0.9519230769230769 0.0777027027027027 0.021634615384615384
1 0.0945945945945946 0.9543269230769231 0.0777027027027027 0.016826923076923076
2 0.3108108108108108 0.9591346153846154 0.3547297297297297 0.002403846153846154
2 0.1554054054054054 0.016826923076923076 0.15878378378378377 0.004807692307692308
1 0.9459459459459459 0.03125 0.07432432432432433 0.036057692307692304
1 0.05405405405405406 0.038461538461538464 0.02702702702702703 0.036057692307692304
2 0.972972972972973 0.1346153846153846 0.006756756756756757 0.14903846153846154
2 0.0472972972972973 0.28125 0.006756756756756757 0.1971153846153846
0 0.5135135135135135 0.4855769230769231 0.9425675675675675 0.9639423076923077