2 0.053691275167785234 0.6658653846153846 0.013422818791946308 0.1971153846153846
2 0.9832214765100671 0.6706730769230769 0.010067114093959731 0.20432692307692307
2 0.9630872483221476 0.9423076923076923 0.05704697986577181 0.040865384615384616
1 0.07718120805369127 0.9495192307692307 0.053691275167785234 0.036057692307692304
2 0.22818791946308725 0.9639423076923077 0.030201342281879196 0.004807692307692308
1 0.9463087248322147 0.019230769230769232 0.0738255033557047 0.03125
2 0.09395973154362416 0.021634615384615384 0.09060402684563758 0.03125
3 0.06375838926174497 0.10096153846153846 0.020134228187919462 0.014423076923076924
3 0.06375838926174497 0.14423076923076922 0.016778523489932886 0.014423076923076924
3 0.087248322147651 0.16346153846153846 0.020134228187919462 0.014423076923076924
0 0.5201342281879194 0.4879807692307692 0.9429530201342282 0.9639423076923077