3 0.9763513513513513 0.7019230769230769 0.010135135135135136 0.007211538461538462
3 0.9256756756756757 0.7067307692307693 0.04391891891891892 0.014423076923076924
3 0.060810810810810814 0.7091346153846154 0.02364864864864865 0.007211538461538462
3 0.06418918918918919 0.7235576923076923 0.016891891891891893 0.01201923076923077
3 0.9695945945945946 0.7548076923076923 0.016891891891891893 0.009615384615384616
2 0.05067567567567568 0.9182692307692307 0.006756756756756757 0.01201923076923077
3 0.6891891891891891 0.9182692307692307 0.02364864864864865 0.009615384615384616
1 0.06418918918918919 0.9447115384615384 0.02364864864864865 0.016826923076923076
1 0.972972972972973 0.9471153846153846 0.02702702702702703 0.016826923076923076
1 0.10810810810810811 0.9591346153846154 0.037162162162162164 0.007211538461538462
3 0.6317567567567568 0.02403846153846154 0.033783783783783786 0.009615384615384616
1 0.9628378378378378 0.026442307692307692 0.030405405405405407 0.021634615384615384
3 0.47297297297297297 0.028846153846153848 0.02027027027027027 0.02403846153846154
3 0.9256756756756757 0.028846153846153848 0.016891891891891893 0.01201923076923077
3 0.5337837837837838 0.036057692307692304 0.060810810810810814 0.01201923076923077
3 0.15878378378378377 0.04326923076923077 0.016891891891891893 0.01201923076923077
1 0.057432432432432436 0.04567307692307692 0.02702702702702703 0.04567307692307692
3 0.057432432432432436 0.39663461538461536 0.016891891891891893 0.007211538461538462
3 0.9628378378378378 0.4519230769230769 0.02027027027027027 0.019230769230769232
0 0.5135135135135135 0.49038461538461536 0.956081081081081 0.9615384615384616