2 0.05405405405405406 0.5649038461538461 0.006756756756756757 0.01201923076923077
2 0.05405405405405406 0.6923076923076923 0.0033783783783783786 0.038461538461538464
2 0.9831081081081081 0.8509615384615384 0.010135135135135136 0.1778846153846154
1 0.07094594594594594 0.9399038461538461 0.037162162162162164 0.04326923076923077
2 0.21283783783783783 0.9591346153846154 0.25 0.002403846153846154
2 0.8412162162162162 0.9615384615384616 0.22635135135135134 0.004807692307692308
2 0.44256756756756754 0.014423076923076924 0.4358108108108108 0.004807692307692308
2 0.8445945945945946 0.014423076923076924 0.21283783783783783 0.004807692307692308
2 0.13175675675675674 0.016826923076923076 0.0945945945945946 0.004807692307692308
1 0.9628378378378378 0.026442307692307692 0.04391891891891892 0.026442307692307692
1 0.0777027027027027 0.036057692307692304 0.05067567567567568 0.040865384615384616
3 0.10472972972972973 0.14423076923076922 0.037162162162162164 0.01201923076923077
3 0.10472972972972973 0.17548076923076922 0.010135135135135136 0.007211538461538462
3 0.11486486486486487 0.23557692307692307 0.030405405405405407 0.026442307692307692
2 0.9831081081081081 0.4182692307692308 0.010135135135135136 0.040865384615384616
0 0.5202702702702703 0.4879807692307692 0.9391891891891891 0.9519230769230769