2 0.0472972972972973 0.5528846153846154 0.010135135135135136 0.2764423076923077
2 0.05067567567567568 0.8725961538461539 0.006756756756756757 0.06009615384615385
1 0.9391891891891891 0.9326923076923077 0.08783783783783784 0.04807692307692308
1 0.09797297297297297 0.9326923076923077 0.09797297297297297 0.04807692307692308
2 0.8108108108108109 0.9519230769230769 0.20270270270270271 0.002403846153846154
2 0.21283783783783783 0.9543269230769231 0.22972972972972974 0.002403846153846154
2 0.6013513513513513 0.9543269230769231 0.13175675675675674 0.002403846153846154
1 0.08108108108108109 0.016826923076923076 0.05405405405405406 0.014423076923076924
1 0.9493243243243243 0.036057692307692304 0.060810810810810814 0.055288461538461536
1 0.9763513513513513 0.33653846153846156 0.0033783783783783786 0.03125
0 0.5135135135135135 0.4831730769230769 0.9493243243243243 0.9519230769230769