2 0.050335570469798654 0.6610576923076923 0.010067114093959731 0.4855769230769231
2 0.9865771812080537 0.75 0.006711409395973154 0.04807692307692308
1 0.9395973154362416 0.9375 0.10067114093959731 0.0673076923076923
1 0.09060402684563758 0.9543269230769231 0.09395973154362416 0.04326923076923077
2 0.8456375838926175 0.9663461538461539 0.06711409395973154 0.007211538461538462
2 0.5369127516778524 0.9663461538461539 0.2550335570469799 0.007211538461538462
2 0.738255033557047 0.9663461538461539 0.09395973154362416 0.007211538461538462
2 0.2953020134228188 0.96875 0.13758389261744966 0.004807692307692308
2 0.3053691275167785 0.016826923076923076 0.4261744966442953 0.004807692307692308
2 0.7516778523489933 0.016826923076923076 0.3422818791946309 0.007211538461538462
3 0.7046979865771812 0.036057692307692304 0.016778523489932886 0.009615384615384616
3 0.37583892617449666 0.036057692307692304 0.016778523489932886 0.021634615384615384
1 0.07718120805369127 0.040865384615384616 0.0738255033557047 0.0625
1 0.959731543624161 0.04326923076923077 0.06040268456375839 0.06490384615384616
2 0.050335570469798654 0.27884615384615385 0.010067114093959731 0.18509615384615385
3 0.7885906040268457 0.31009615384615385 0.04697986577181208 0.036057692307692304
2 0.9798657718120806 0.3125 0.016778523489932886 0.15144230769230768
0 0.5134228187919463 0.4951923076923077 0.9563758389261745 0.9711538461538461