2 0.04054054054054054 0.5528846153846154 0.006756756756756757 0.07692307692307693
1 0.9695945945945946 0.6322115384615384 0.010135135135135136 0.12740384615384615
1 0.9695945945945946 0.7932692307692307 0.010135135135135136 0.13221153846153846
1 0.08445945945945946 0.9206730769230769 0.09797297297297297 0.06971153846153846
1 0.9358108108108109 0.9254807692307693 0.07432432432432433 0.0673076923076923
2 0.14189189189189189 0.9519230769230769 0.11486486486486487 0.004807692307692308
2 0.7635135135135135 0.9543269230769231 0.24324324324324326 0.004807692307692308
1 0.9425675675675675 0.040865384615384616 0.060810810810810814 0.07211538461538461
1 0.0777027027027027 0.04807692307692308 0.08108108108108109 0.0889423076923077
1 0.972972972972973 0.17548076923076922 0.006756756756756757 0.14182692307692307
2 0.04054054054054054 0.2283653846153846 0.006756756756756757 0.08413461538461539
1 0.9695945945945946 0.33413461538461536 0.006756756756756757 0.12980769230769232
2 0.04054054054054054 0.3629807692307692 0.006756756756756757 0.016826923076923076
2 0.037162162162162164 0.39663461538461536 0.0033783783783783786 0.014423076923076924
0 0.5067567567567568 0.4831730769230769 0.9391891891891891 0.9615384615384616