2 0.0472972972972973 0.6538461538461539 0.006756756756756757 0.12259615384615384
1 0.0777027027027027 0.9423076923076923 0.07094594594594594 0.04567307692307692
1 0.9391891891891891 0.9519230769230769 0.08108108108108109 0.026442307692307692
2 0.30405405405405406 0.9591346153846154 0.3547297297297297 0.004807692307692308
1 0.9459459459459459 0.028846153846153848 0.07432432432432433 0.036057692307692304
1 0.06756756756756757 0.036057692307692304 0.05405405405405406 0.040865384615384616
2 0.0472972972972973 0.11778846153846154 0.006756756756756757 0.0889423076923077
2 0.972972972972973 0.20673076923076922 0.006756756756756757 0.1201923076923077
2 0.0472972972972973 0.28846153846153844 0.010135135135135136 0.07692307692307693
2 0.0472972972972973 0.3942307692307692 0.006756756756756757 0.10096153846153846
0 0.5067567567567568 0.49038461538461536 0.9662162162162162 0.9639423076923077
2 0.0472972972972973 0.49759615384615385 0.006756756756756757 0.07451923076923077