3 0.9362416107382551 0.59375 0.1040268456375839 0.14903846153846154
3 0.18456375838926176 0.5961538461538461 0.030201342281879196 0.02403846153846154
3 0.1040268456375839 0.6153846153846154 0.030201342281879196 0.019230769230769232
3 0.06711409395973154 0.6418269230769231 0.016778523489932886 0.014423076923076924
3 0.825503355704698 0.6442307692307693 0.07046979865771812 0.07451923076923077
3 0.8489932885906041 0.7139423076923077 0.10738255033557047 0.05048076923076923
3 0.9463087248322147 0.7788461538461539 0.087248322147651 0.13221153846153846
1 0.09395973154362416 0.9350961538461539 0.07718120805369127 0.07451923076923077
3 0.348993288590604 0.9471153846153846 0.19463087248322147 0.04567307692307692
3 0.7181208053691275 0.9471153846153846 0.31208053691275167 0.038461538461538464
3 0.6208053691275168 0.028846153846153848 0.1040268456375839 0.026442307692307692
1 0.0738255033557047 0.04326923076923077 0.05704697986577181 0.057692307692307696
3 0.09731543624161074 0.07451923076923077 0.020134228187919462 0.026442307692307692
3 0.9563758389261745 0.3076923076923077 0.03691275167785235 0.038461538461538464
3 0.10738255033557047 0.35336538461538464 0.03355704697986577 0.021634615384615384
0 0.5100671140939598 0.49278846153846156 0.959731543624161 0.9639423076923077